Series Data											
E:\WA2114\WA2114_000_000_CUR.PD0										
Broadband 614.4 kHz										
Pings/Ens =	180									
Time/Ping = 00:01.00													
First Ensemble Date = 14/10/31													
First Ensemble Time = 07:00:00.00													
Ensemble Interval (s) = 	600												
1st Bin Range (m) = 	2.12												
Bin Size (m) =	1												


Ens	YR	MO	DA	HH	MM	SS	HH		Pit	Rol	Hea		
									deg	deg	deg		


1	14	10	31	7	0	0	0		-23.99	-25.55	121.58
2	14	10	31	7	10	0	0		-23.99	-25.55	121.79
3	14	10	31	7	20	0	0		-23.99	-25.55	121.76
4	14	10	31	7	30	0	0		-23.99	-25.55	121.77
5	14	10	31	7	40	0	0		-23.99	-25.55	121.77
6	14	10	31	7	50	0	0		-23.99	-25.55	121.78
7	14	10	31	8	0	0	0		-23.99	-25.55	121.88
8	14	10	31	8	10	0	0		-23.99	-25.55	120.42
9	14	10	31	8	20	0	0		-23.99	-25.55	25.11
10	14	10	31	8	30	0	0		-23.99	-25.55	20.77
11	14	10	31	8	40	0	0		-23.99	-25.55	319.74
12	14	10	31	8	50	0	0		-23.99	-25.55	100.55
13	14	10	31	9	0	0	0		-23.99	-25.55	280.66
14	14	10	31	9	10	0	0		-23.99	-25.55	279.22
15	14	10	31	9	20	0	0		-23.99	-25.55	300.26
16	14	10	31	9	30	0	0		-23.99	-25.55	251.66
17	14	10	31	9	40	0	0		-1.1	-1.56	95.93
18	14	10	31	9	50	0	0		-1.31	-1.92	85.77
19	14	10	31	10	0	0	0		1.08	5.39	29.34
20	14	10	31	10	10	0	0		1.16	1.38	96.13
21	14	10	31	10	20	0	0		-3.09	-0.24	145.45
22	14	10	31	10	30	0	0		-3.01	-0.5	147.09
23	14	10	31	10	40	0	0		-1.1	0.04	145.51
24	14	10	31	10	50	0	0		-1.11	0.43	145.14
25	14	10	31	11	0	0	0		-1.72	0.32	145.29
26	14	10	31	11	10	0	0		-1.23	0.2	143.98
27	14	10	31	11	20	0	0		-0.57	-3.4	150.13
28	14	10	31	11	30	0	0		-0.56	-3.33	147.39
29	14	10	31	11	40	0	0		-0.66	-3.62	146.33
30	14	10	31	11	50	0	0		-0.65	-3.58	145.59
31	14	10	31	12	0	0	0		-1.69	-1.89	142.07
32	14	10	31	12	10	0	0		-1.47	-2.43	149.14
33	14	10	31	12	20	0	0		-1.47	-2.66	147.75
34	14	10	31	12	30	0	0		-1.31	-2.58	142.98
35	14	10	31	12	40	0	0		-1.32	-2.63	146.51
36	14	10	31	12	50	0	0		-1.36	-2.74	148.06
37	14	10	31	13	0	0	0		-1.34	-2.68	147.14
38	14	10	31	13	10	0	0		-1.38	-2.63	145.49
39	14	10	31	13	20	0	0		-1.34	-2.87	145.04
40	14	10	31	13	30	0	0		-1.46	-2.59	146.78
41	14	10	31	13	40	0	0		-1.42	-2.71	145.32
42	14	10	31	13	50	0	0		-1.49	-2.46	147.26
43	14	10	31	14	0	0	0		-1.38	-2.68	143.78
44	14	10	31	14	10	0	0		-1.34	-2.68	145.88
45	14	10	31	14	20	0	0		-1.35	-2.62	146.12
46	14	10	31	14	30	0	0		-1.3	-2.93	147.97
47	14	10	31	14	40	0	0		-1.31	-2.93	146.11
48	14	10	31	14	50	0	0		-1.34	-2.92	143.47
49	14	10	31	15	0	0	0		-1.36	-2.65	148.54
50	14	10	31	15	10	0	0		-1.33	-2.5	149.62
51	14	10	31	15	20	0	0		-1.31	-2.58	146.74
52	14	10	31	15	30	0	0		-1.31	-2.49	146.37
53	14	10	31	15	40	0	0		-1.42	-2.4	147.71
54	14	10	31	15	50	0	0		-1.4	-1.9	149.01
55	14	10	31	16	0	0	0		-0.99	-2.22	143.89
56	14	10	31	16	10	0	0		-1.31	-1.66	147.14
57	14	10	31	16	20	0	0		-1.12	-2.7	146.23
58	14	10	31	16	30	0	0		-1.07	-2.72	143.89
59	14	10	31	16	40	0	0		-1.09	-2.72	142.34
60	14	10	31	16	50	0	0		-1.16	-2.8	144.45
61	14	10	31	17	0	0	0		-1.14	-2.66	146.45
62	14	10	31	17	10	0	0		-1.17	-2.59	145.63
63	14	10	31	17	20	0	0		-1.14	-2.66	145.01
64	14	10	31	17	30	0	0		-1.14	-2.65	146.1
65	14	10	31	17	40	0	0		-1.13	-2.7	144.6
66	14	10	31	17	50	0	0		-1.19	-2.54	148.07
67	14	10	31	18	0	0	0		-1.14	-2.64	147.21
68	14	10	31	18	10	0	0		-1.16	-2.66	146.41
69	14	10	31	18	20	0	0		-1.18	-2.47	146.45
70	14	10	31	18	30	0	0		-1.22	-2.2	147.04
71	14	10	31	18	40	0	0		-1.16	-2.44	146.9
72	14	10	31	18	50	0	0		-1.13	-2.66	147.57
73	14	10	31	19	0	0	0		-1.14	-2.69	144.57
74	14	10	31	19	10	0	0		-1.17	-2.74	147.23
75	14	10	31	19	20	0	0		-1.18	-2.64	150.17
76	14	10	31	19	30	0	0		-1.4	-2.11	146.79
77	14	10	31	19	40	0	0		-1.27	-2.39	144.18
78	14	10	31	19	50	0	0		-1.17	-2.47	149.13
79	14	10	31	20	0	0	0		-1.09	-2.57	145.55
80	14	10	31	20	10	0	0		-1.19	-2.53	143.8
81	14	10	31	20	20	0	0		-1.19	-2.52	146.42
82	14	10	31	20	30	0	0		-1.17	-2.55	146.78
83	14	10	31	20	40	0	0		-1.17	-2.53	145.42
84	14	10	31	20	50	0	0		-1.18	-2.53	146.49
85	14	10	31	21	0	0	0		-1.46	-2.86	204.93
86	14	10	31	21	10	0	0		-1.45	-3.18	223.64
87	14	10	31	21	20	0	0		-1.39	-2.82	223.47
88	14	10	31	21	30	0	0		-1.23	-2.95	223.97
89	14	10	31	21	40	0	0		-1.33	-2.84	223.33
90	14	10	31	21	50	0	0		-1.34	-2.62	223.64
91	14	10	31	22	0	0	0		-1.41	-2.37	224.24
92	14	10	31	22	10	0	0		-1.31	-2.68	224.19
93	14	10	31	22	20	0	0		-1.31	-2.7	223.44
94	14	10	31	22	30	0	0		-1.3	-2.69	223.15
95	14	10	31	22	40	0	0		-1.29	-2.75	222.43
96	14	10	31	22	50	0	0		-1.29	-2.71	223.72
97	14	10	31	23	0	0	0		-1.32	-2.66	223.28
98	14	10	31	23	10	0	0		-1.3	-2.66	223.86
99	14	10	31	23	20	0	0		-1.4	-2.97	223.72
100	14	10	31	23	30	0	0		-1.38	-3	224.2
101	14	10	31	23	40	0	0		-1.37	-2.97	223.6
102	14	10	31	23	50	0	0		-1.38	-2.98	223.33
103	14	11	1	0	0	0	0		-1.4	-2.98	224.65
104	14	11	1	0	10	0	0		-1.4	-2.97	224.15
105	14	11	1	0	20	0	0		-1.39	-3	224.4
106	14	11	1	0	30	0	0		-1.37	-2.99	223.31
107	14	11	1	0	40	0	0		-1.37	-2.99	224.49
108	14	11	1	0	50	0	0		-1.38	-2.98	224.59
109	14	11	1	1	0	0	0		-1.39	-2.98	223.72
110	14	11	1	1	10	0	0		-1.39	-2.96	223.86
111	14	11	1	1	20	0	0		-1.37	-2.96	223.93
112	14	11	1	1	30	0	0		-1.36	-2.97	224.35
113	14	11	1	1	40	0	0		-1.38	-2.94	224.68
114	14	11	1	1	50	0	0		-1.38	-2.93	224.82
115	14	11	1	2	0	0	0		-1.39	-2.94	224.92
116	14	11	1	2	10	0	0		-1.41	-2.82	226.06
117	14	11	1	2	20	0	0		-1.36	-2.98	224.87
118	14	11	1	2	30	0	0		-1.33	-3	225.01
119	14	11	1	2	40	0	0		-1.35	-3	224.79
120	14	11	1	2	50	0	0		-1.36	-2.99	225.07
121	14	11	1	3	0	0	0		-1.38	-2.93	224.47
122	14	11	1	3	10	0	0		-1.36	-2.98	225.17
123	14	11	1	3	20	0	0		-1.35	-2.99	225.57
124	14	11	1	3	30	0	0		-1.34	-2.95	224.98
125	14	11	1	3	40	0	0		-1.33	-2.99	225.53
126	14	11	1	3	50	0	0		-1.34	-2.97	224.86
127	14	11	1	4	0	0	0		-1.36	-2.94	225.44
128	14	11	1	4	10	0	0		-1.36	-3	225.28
129	14	11	1	4	20	0	0		-1.37	-2.94	225.3
130	14	11	1	4	30	0	0		-1.35	-2.95	225.18
131	14	11	1	4	40	0	0		-1.35	-2.95	225.05
132	14	11	1	4	50	0	0		-1.37	-3.03	225.26
133	14	11	1	5	0	0	0		-1.36	-3.03	224.19
134	14	11	1	5	10	0	0		-1.32	-2.92	224.65
135	14	11	1	5	20	0	0		-1.38	-2.81	225.04
136	14	11	1	5	30	0	0		-1.33	-2.93	225.59
137	14	11	1	5	40	0	0		-1.35	-2.82	225.08
138	14	11	1	5	50	0	0		-1.37	-2.67	225.24
139	14	11	1	6	0	0	0		-1.49	-2.45	226.18
140	14	11	1	6	10	0	0		-1.51	-2.51	224.75
141	14	11	1	6	20	0	0		-1.25	-3.7	143.75
142	14	11	1	6	30	0	0		-1.07	-0.06	104.39
143	14	11	1	6	40	0	0		-1.01	0.14	77.43
144	14	11	1	6	50	0	0		-1.26	0.05	36.05
145	14	11	1	7	0	0	0		-0.95	0.15	41.2
146	14	11	1	7	10	0	0		-1.09	-0.01	22.24
147	14	11	1	7	20	0	0		-1.14	-0.06	28.7
148	14	11	1	7	30	0	0		-1.09	0.03	27.07
149	14	11	1	7	40	0	0		-1.17	0	40.72
150	14	11	1	7	50	0	0		-1.23	-0.16	8.92
151	14	11	1	8	0	0	0		-1.34	-0.06	332.79
152	14	11	1	8	10	0	0		-1.11	0.08	87.22
153	14	11	1	8	20	0	0		-1.09	0.05	24.48
154	14	11	1	8	30	0	0		-1.14	0.2	286.12
155	14	11	1	8	40	0	0		-1.08	0.13	285.83
156	14	11	1	8	50	0	0		-1.08	0.16	288.91
157	14	11	1	9	0	0	0		-1.08	0.18	290.74
158	14	11	1	9	10	0	0		-1.11	0.03	272.96
159	14	11	1	9	20	0	0		-1.19	0.2	192.13
160	14	11	1	9	30	0	0		-1.11	0.14	194.29
161	14	11	1	9	40	0	0		-1.17	0.27	195.93
162	14	11	1	9	50	0	0		-1.25	0.36	203.92
163	14	11	1	10	0	0	0		-1.25	0.24	201.59
164	14	11	1	10	10	0	0		-1.2	0.18	208.42
165	14	11	1	10	20	0	0		-1.14	0.11	61.57
166	14	11	1	10	30	0	0		-1.05	0.1	359.23
167	14	11	1	10	40	0	0		-1.04	0.09	333.72
168	14	11	1	10	50	0	0		-1.15	0.07	356.82
169	14	11	1	11	0	0	0		-1.09	0.2	271.65
170	14	11	1	11	10	0	0		-1.17	0.02	346.38
171	14	11	1	11	20	0	0		-1.07	0.08	353.08
172	14	11	1	11	30	0	0		-4.68	-6.4	19.98
173	14	11	1	11	40	0	0		-4.09	-4.38	269.81											
174	14	11	1	11	50	0	0		-0.04	-4.7	317.15
175	14	11	1	12	0	0	0		0	-4.64	317.06
176	14	11	1	12	10	0	0		-0.01	-4.62	317.03
177	14	11	1	12	20	0	0		-0.02	-4.61	317.1
178	14	11	1	12	30	0	0		-0.03	-4.61	317.11
179	14	11	1	12	40	0	0		-0.06	-4.61	317.14
180	14	11	1	12	50	0	0		-0.09	-4.62	317.15
181	14	11	1	13	0	0	0		-0.12	-4.61	317.08
182	14	11	1	13	10	0	0		-0.15	-4.61	317.07
183	14	11	1	13	20	0	0		-0.14	-4.61	317.13
184	14	11	1	13	30	0	0		-0.14	-4.62	317.15
185	14	11	1	13	40	0	0		-0.15	-4.61	317.16
186	14	11	1	13	50	0	0		1.76	-4.5	316.75
187	14	11	1	14	0	0	0		4.42	-4.31	316.09
188	14	11	1	14	10	0	0		4.41	-4.31	316.08
189	14	11	1	14	20	0	0		4.43	-4.31	316.13
190	14	11	1	14	30	0	0		4.44	-4.33	316.14
191	14	11	1	14	40	0	0		4.43	-4.32	316.15
192	14	11	1	14	50	0	0		4.42	-4.31	316.15
193	14	11	1	15	0	0	0		4.41	-4.31	316.09
194	14	11	1	15	10	0	0		4.4	-4.3	316.08
195	14	11	1	15	20	0	0		4.42	-4.3	316.11
196	14	11	1	15	30	0	0		4.44	-4.32	316.15
197	14	11	1	15	40	0	0		4.44	-4.32	316.16
198	14	11	1	15	50	0	0		4.42	-4.31	316.17
199	14	11	1	16	0	0	0		4.41	-4.31	316.1
200	14	11	1	16	10	0	0		4.39	-4.3	316.06
201	14	11	1	16	20	0	0		4.41	-4.29	316.13
202	14	11	1	16	30	0	0		4.42	-4.32	316.15
203	14	11	1	16	40	0	0		4.42	-4.31	316.15
204	14	11	1	16	50	0	0		4.41	-4.31	316.17
205	14	11	1	17	0	0	0		4.39	-4.31	316.08
206	14	11	1	17	10	0	0		4.38	-4.29	316.05
207	14	11	1	17	20	0	0		4.4	-4.3	316.1
208	14	11	1	17	30	0	0		4.42	-4.31	316.14
209	14	11	1	17	40	0	0		4.42	-4.32	316.13
210	14	11	1	17	50	0	0		4.4	-4.31	316.14
211	14	11	1	18	0	0	0		4.39	-4.31	316.05
212	14	11	1	18	10	0	0		4.37	-4.29	316.04
213	14	11	1	18	20	0	0		4.4	-4.29	316.09
214	14	11	1	18	30	0	0		4.41	-4.32	316.12
215	14	11	1	18	40	0	0		4.4	-4.31	316.12
216	14	11	1	18	50	0	0		4.39	-4.31	316.14
217	14	11	1	19	0	0	0		4.36	-4.31	316.07
218	14	11	1	19	10	0	0		4.33	-4.31	316.04
219	14	11	1	19	20	0	0		4.3	-4.3	316.11
220	14	11	1	19	30	0	0		4.3	-4.31	316.14
221	14	11	1	19	40	0	0		4.27	-4.31	316.16
222	14	11	1	19	50	0	0		4.26	-4.31	316.16
223	14	11	1	20	0	0	0		4.23	-4.3	316.08
224	14	11	1	20	10	0	0		4.22	-4.29	316.07
225	14	11	1	20	20	0	0		4.24	-4.3	316.12
226	14	11	1	20	30	0	0		4.26	-4.33	316.15
227	14	11	1	20	40	0	0		4.26	-4.35	316.16
228	14	11	1	20	50	0	0		4.19	-4.39	316.17
229	14	11	1	21	0	0	0		4.13	-4.43	316.11
230	14	11	1	21	10	0	0		3.97	-4.45	316.12
231	14	11	1	21	20	0	0		4.02	-4.49	316.15
232	14	11	1	21	30	0	0		3.88	-4.56	316.2
233	14	11	1	21	40	0	0		3.89	-4.58	316.22
234	14	11	1	21	50	0	0		3.88	-4.58	316.22
235	14	11	1	22	0	0	0		3.87	-4.57	316.14
236	14	11	1	22	10	0	0		3.87	-4.57	316.1
237	14	11	1	22	20	0	0		3.89	-4.58	316.16
238	14	11	1	22	30	0	0		3.92	-4.61	316.19
239	14	11	1	22	40	0	0		3.92	-4.61	316.19
240	14	11	1	22	50	0	0		3.9	-4.61	316.19
241	14	11	1	23	0	0	0		3.88	-4.61	316.13
242	14	11	1	23	10	0	0		3.88	-4.59	316.09
243	14	11	1	23	20	0	0		3.9	-4.6	316.16
244	14	11	1	23	30	0	0		3.92	-4.62	316.18
245	14	11	1	23	40	0	0		3.92	-4.62	316.2
246	14	11	1	23	50	0	0		3.73	-2.41	315.17
247	14	11	2	0	0	0	0		3.56	-0.64	314.29
248	14	11	2	0	10	0	0		3.56	-0.63	314.28
249	14	11	2	0	20	0	0		3.58	-0.65	314.33
250	14	11	2	0	30	0	0		3.6	-0.65	314.36
251	14	11	2	0	40	0	0		3.59	-0.65	314.37
252	14	11	2	0	50	0	0		3.57	-0.65	314.37
253	14	11	2	1	0	0	0		3.56	-0.63	314.3
254	14	11	2	1	10	0	0		3.56	-0.64	314.28
255	14	11	2	1	20	0	0		3.57	-0.65	314.33
256	14	11	2	1	30	0	0		3.59	-0.65	314.35
257	14	11	2	1	40	0	0		3.59	-0.65	314.37
258	14	11	2	1	50	0	0		3.57	-0.65	314.35
259	14	11	2	2	0	0	0		3.56	-0.65	314.29
260	14	11	2	2	10	0	0		3.56	-0.65	314.26
261	14	11	2	2	20	0	0		3.57	-0.66	314.31
262	14	11	2	2	30	0	0		3.59	-0.66	314.35
263	14	11	2	2	40	0	0		3.58	-0.66	314.35
264	14	11	2	2	50	0	0		3.57	-0.66	314.34
265	14	11	2	3	0	0	0		3.55	-0.65	314.27
266	14	11	2	3	10	0	0		3.55	-0.65	314.27
267	14	11	2	3	20	0	0		3.57	-0.66	314.31
268	14	11	2	3	30	0	0		3.59	-0.66	314.33
269	14	11	2	3	40	0	0		3.58	-0.66	314.34
270	14	11	2	3	50	0	0		3.57	-0.67	314.33
271	14	11	2	4	0	0	0		3.56	-0.66	314.27
272	14	11	2	4	10	0	0		3.55	-0.65	314.25
273	14	11	2	4	20	0	0		3.57	-0.66	314.32
274	14	11	2	4	30	0	0		3.59	-0.67	314.33
275	14	11	2	4	40	0	0		3.58	-0.66	314.33
276	14	11	2	4	50	0	0		3.56	-0.66	314.33
277	14	11	2	5	0	0	0		3.55	-0.66	314.26
278	14	11	2	5	10	0	0		3.55	-0.66	314.23
279	14	11	2	5	20	0	0		3.57	-0.67	314.28
280	14	11	2	5	30	0	0		3.58	-0.68	314.31
281	14	11	2	5	40	0	0		3.58	-0.67	314.31
282	14	11	2	5	50	0	0		3.57	-0.68	314.31
283	14	11	2	6	0	0	0		3.56	-0.67	314.27
284	14	11	2	6	10	0	0		3.56	-0.67	314.23
285	14	11	2	6	20	0	0		3.58	-0.69	314.29
286	14	11	2	6	30	0	0		3.6	-0.7	314.32
287	14	11	2	6	40	0	0		3.6	-0.69	314.32
288	14	11	2	6	50	0	0		3.59	-0.69	314.32
289	14	11	2	7	0	0	0		3.58	-0.68	314.28
290	14	11	2	7	10	0	0		3.57	-0.69	314.27
291	14	11	2	7	20	0	0		3.59	-0.7	314.31
292	14	11	2	7	30	0	0		3.61	-0.7	314.33
293	14	11	2	7	40	0	0		3.6	-0.71	314.32
294	14	11	2	7	50	0	0		3.57	-0.7	314.34
295	14	11	2	8	0	0	0		3.56	-0.69	314.27
296	14	11	2	8	10	0	0		3.57	-0.7	314.24
297	14	11	2	8	20	0	0		3.58	-0.7	314.29
298	14	11	2	8	30	0	0		3.59	-0.71	314.31
299	14	11	2	8	40	0	0		3.59	-0.7	314.31
300	14	11	2	8	50	0	0		3.57	-0.7	314.32
301	14	11	2	9	0	0	0		3.58	-0.69	314.24
302	14	11	2	9	10	0	0		3.58	-0.69	314.21
303	14	11	2	9	20	0	0		3.6	-0.7	314.3
304	14	11	2	9	30	0	0		3.6	-0.71	314.3
305	14	11	2	9	40	0	0		3.4	-0.7	314.34
306	14	11	2	9	50	0	0		3.3	-0.67	314.34
307	14	11	2	10	0	0	0		3.22	-0.67	314.27
308	14	11	2	10	10	0	0		3.23	-0.66	314.24
309	14	11	2	10	20	0	0		3.25	-0.68	314.32
310	14	11	2	10	30	0	0		3.27	-0.68	314.35
311	14	11	2	10	40	0	0		3.26	-0.68	314.33
312	14	11	2	10	50	0	0		3.25	-0.67	314.32
313	14	11	2	11	0	0	0		3.23	-0.68	314.26
314	14	11	2	11	10	0	0		3.23	-0.68	314.26
315	14	11	2	11	20	0	0		3.25	-0.69	314.3
316	14	11	2	11	30	0	0		3.27	-0.69	314.31
317	14	11	2	11	40	0	0		3.27	-0.69	314.28
318	14	11	2	11	50	0	0		3.25	-0.67	314.3
319	14	11	2	12	0	0	0		3.24	-0.68	314.23
320	14	11	2	12	10	0	0		3.24	-0.67	314.21
321	14	11	2	12	20	0	0		3.26	-0.7	314.22
322	14	11	2	12	30	0	0		3.27	-0.7	314.26
323	14	11	2	12	40	0	0		3.27	-0.7	314.28
324	14	11	2	12	50	0	0		3.25	-0.69	314.3
325	14	11	2	13	0	0	0		3.24	-0.67	314.23
326	14	11	2	13	10	0	0		3.24	-0.68	314.23
327	14	11	2	13	20	0	0		3.25	-0.69	314.28
328	14	11	2	13	30	0	0		3.27	-0.7	314.3
329	14	11	2	13	40	0	0		3.26	-0.7	314.3
330	14	11	2	13	50	0	0		3.24	-0.68	314.31
331	14	11	2	14	0	0	0		3.24	-0.68	314.25
332	14	11	2	14	10	0	0		3.24	-0.69	314.22
333	14	11	2	14	20	0	0		3.25	-0.69	314.26
334	14	11	2	14	30	0	0		3.28	-0.71	314.29
335	14	11	2	14	40	0	0		3.28	-0.71	314.31
336	14	11	2	14	50	0	0		3.26	-0.69	314.32
337	14	11	2	15	0	0	0		3.25	-0.69	314.24
338	14	11	2	15	10	0	0		3.24	-0.69	314.24
339	14	11	2	15	20	0	0		3.27	-0.7	314.26
340	14	11	2	15	30	0	0		3.29	-0.71	314.28
341	14	11	2	15	40	0	0		3.28	-0.71	314.3
342	14	11	2	15	50	0	0		3.26	-0.69	314.3
343	14	11	2	16	0	0	0		3.26	-0.69	314.23
344	14	11	2	16	10	0	0		3.25	-0.7	314.2
345	14	11	2	16	20	0	0		3.28	-0.7	314.26
346	14	11	2	16	30	0	0		3.28	-0.71	314.29
347	14	11	2	16	40	0	0		3.28	-0.7	314.29
348	14	11	2	16	50	0	0		3.26	-0.69	314.3
349	14	11	2	17	0	0	0		3.26	-0.69	314.22
350	14	11	2	17	10	0	0		3.26	-0.69	314.21
351	14	11	2	17	20	0	0		3.27	-0.71	314.26
352	14	11	2	17	30	0	0		3.29	-0.72	314.27
353	14	11	2	17	40	0	0		3.28	-0.71	314.28
354	14	11	2	17	50	0	0		3.27	-0.69	314.28
355	14	11	2	18	0	0	0		3.25	-0.69	314.21
356	14	11	2	18	10	0	0		3.25	-0.69	314.19
357	14	11	2	18	20	0	0		3.26	-0.7	314.26
358	14	11	2	18	30	0	0		3.28	-0.71	314.27
359	14	11	2	18	40	0	0		3.27	-0.71	314.28
360	14	11	2	18	50	0	0		3.26	-0.7	314.28
361	14	11	2	19	0	0	0		3.25	-0.7	314.21
362	14	11	2	19	10	0	0		3.26	-0.7	314.19
363	14	11	2	19	20	0	0		3.28	-0.71	314.26
364	14	11	2	19	30	0	0		3.29	-0.71	314.27
365	14	11	2	19	40	0	0		3.28	-0.71	314.29
366	14	11	2	19	50	0	0		3.27	-0.71	314.29
367	14	11	2	20	0	0	0		3.26	-0.7	314.22
368	14	11	2	20	10	0	0		3.24	-0.7	314.21
369	14	11	2	20	20	0	0		3.26	-0.71	314.26
370	14	11	2	20	30	0	0		3.28	-0.71	314.3
371	14	11	2	20	40	0	0		3.27	-0.71	314.29
372	14	11	2	20	50	0	0		3.26	-0.7	314.31
373	14	11	2	21	0	0	0		3.26	-0.7	314.23
374	14	11	2	21	10	0	0		3.25	-0.69	314.2
375	14	11	2	21	20	0	0		3.28	-0.69	314.26
376	14	11	2	21	30	0	0		3.3	-0.71	314.28
377	14	11	2	21	40	0	0		3.28	-0.69	314.29
378	14	11	2	21	50	0	0		2.97	-0.68	314.31
379	14	11	2	22	0	0	0		2.99	-0.68	314.25
380	14	11	2	22	10	0	0		3.01	-0.67	314.24
381	14	11	2	22	20	0	0		3.05	-0.68	314.29
382	14	11	2	22	30	0	0		3.05	-0.68	314.3
383	14	11	2	22	40	0	0		3.02	-0.67	314.31
384	14	11	2	22	50	0	0		3.02	-0.67	314.32
385	14	11	2	23	0	0	0		3	-0.66	314.26
386	14	11	2	23	10	0	0		3	-0.67	314.25
387	14	11	2	23	20	0	0		3.02	-0.68	314.3
388	14	11	2	23	30	0	0		3.04	-0.7	314.33
389	14	11	2	23	40	0	0		3.04	-0.69	314.33
390	14	11	2	23	50	0	0		3.03	-0.69	314.34
391	14	11	3	0	0	0	0		3.02	-0.67	314.27
392	14	11	3	0	10	0	0		3.02	-0.68	314.24
393	14	11	3	0	20	0	0		3.04	-0.69	314.3
394	14	11	3	0	30	0	0		3.05	-0.7	314.33
395	14	11	3	0	40	0	0		3.03	-0.7	314.34
396	14	11	3	0	50	0	0		3.03	-0.69	314.34
397	14	11	3	1	0	0	0		3.03	-0.68	314.28
398	14	11	3	1	10	0	0		3.02	-0.69	314.27
399	14	11	3	1	20	0	0		3.04	-0.7	314.31
400	14	11	3	1	30	0	0		3.06	-0.71	314.33
401	14	11	3	1	40	0	0		3.05	-0.7	314.33
402	14	11	3	1	50	0	0		3.04	-0.69	314.34
403	14	11	3	2	0	0	0		3.03	-0.68	314.27
404	14	11	3	2	10	0	0		3.02	-0.69	314.26
405	14	11	3	2	20	0	0		3.05	-0.71	314.32
406	14	11	3	2	30	0	0		3.06	-0.72	314.34
407	14	11	3	2	40	0	0		3.05	-0.71	314.34
408	14	11	3	2	50	0	0		3.05	-0.7	314.35
409	14	11	3	3	0	0	0		3.05	-0.69	314.28
410	14	11	3	3	10	0	0		3.03	-0.71	314.25
411	14	11	3	3	20	0	0		3.05	-0.71	314.3
412	14	11	3	3	30	0	0		3.07	-0.71	314.33
413	14	11	3	3	40	0	0		3.06	-0.71	314.33
414	14	11	3	3	50	0	0		3.05	-0.7	314.33
415	14	11	3	4	0	0	0		3.04	-0.7	314.25
416	14	11	3	4	10	0	0		3.04	-0.7	314.24
417	14	11	3	4	20	0	0		3.05	-0.7	314.29
418	14	11	3	4	30	0	0		3.08	-0.72	314.32
419	14	11	3	4	40	0	0		3.07	-0.7	314.33
420	14	11	3	4	50	0	0		3.06	-0.69	314.33
421	14	11	3	5	0	0	0		3.05	-0.69	314.26
422	14	11	3	5	10	0	0		3.04	-0.69	314.23
423	14	11	3	5	20	0	0		3.07	-0.7	314.29
424	14	11	3	5	30	0	0		3.08	-0.72	314.32
425	14	11	3	5	40	0	0		3.08	-0.71	314.32
426	14	11	3	5	50	0	0		3.07	-0.71	314.33
427	14	11	3	6	0	0	0		3.05	-0.7	314.27
428	14	11	3	6	10	0	0		3.05	-0.69	314.26
429	14	11	3	6	20	0	0		3.07	-0.71	314.31
430	14	11	3	6	30	0	0		3.09	-0.73	314.35
431	14	11	3	6	40	0	0		3.08	-0.71	314.36
432	14	11	3	6	50	0	0		3.06	-0.71	314.35
433	14	11	3	7	0	0	0		3.06	-0.7	314.31
434	14	11	3	7	10	0	0		3.06	-0.7	314.28
435	14	11	3	7	20	0	0		3.07	-0.72	314.34
436	14	11	3	7	30	0	0		3.08	-0.73	314.38
437	14	11	3	7	40	0	0		3.08	-0.73	314.35
438	14	11	3	7	50	0	0		3.07	-0.71	314.37
439	14	11	3	8	0	0	0		3.06	-0.7	314.32
440	14	11	3	8	10	0	0		3.06	-0.7	314.29
441	14	11	3	8	20	0	0		3.06	-0.71	314.35
442	14	11	3	8	30	0	0		3.08	-0.73	314.38
443	14	11	3	8	40	0	0		3.08	-0.73	314.39
444	14	11	3	8	50	0	0		3.07	-0.71	314.4
445	14	11	3	9	0	0	0		3.05	-0.7	314.32
446	14	11	3	9	10	0	0		3.03	-0.71	314.29
447	14	11	3	9	20	0	0		3.06	-0.72	314.35
448	14	11	3	9	30	0	0		3.08	-0.73	314.38
449	14	11	3	9	40	0	0		3.07	-0.71	314.38
450	14	11	3	9	50	0	0		3.08	-0.71	314.37
451	14	11	3	10	0	0	0		2.47	-0.67	314.38
452	14	11	3	10	10	0	0		2.48	-0.67	314.38
453	14	11	3	10	20	0	0		2.27	-0.67	314.44
454	14	11	3	10	30	0	0		2.42	-0.69	314.46
455	14	11	3	10	40	0	0		2.43	-0.67	314.46
456	14	11	3	10	50	0	0		2.43	-0.67	314.45
457	14	11	3	11	0	0	0		2.4	-0.67	314.38
458	14	11	3	11	10	0	0		2.4	-0.67	314.38
459	14	11	3	11	20	0	0		2.43	-0.68	314.42
460	14	11	3	11	30	0	0		2.44	-0.69	314.43
461	14	11	3	11	40	0	0		2.45	-0.68	314.43
462	14	11	3	11	50	0	0		2.41	-0.68	314.44
463	14	11	3	12	0	0	0		2.42	-0.68	314.35
464	14	11	3	12	10	0	0		2.42	-0.69	314.32
465	14	11	3	12	20	0	0		2.44	-0.7	314.37
466	14	11	3	12	30	0	0		2.45	-0.72	314.41
467	14	11	3	12	40	0	0		2.45	-0.72	314.4
468	14	11	3	12	50	0	0		2.44	-0.72	314.4
469	14	11	3	13	0	0	0		2.42	-0.71	314.33
470	14	11	3	13	10	0	0		2.43	-0.71	314.32
471	14	11	3	13	20	0	0		2.44	-0.73	314.36
472	14	11	3	13	30	0	0		2.46	-0.74	314.39
473	14	11	3	13	40	0	0		2.44	-0.73	314.38
474	14	11	3	13	50	0	0		2.43	-0.74	314.38
475	14	11	3	14	0	0	0		2.43	-0.73	314.32
476	14	11	3	14	10	0	0		2.43	-0.73	314.29
477	14	11	3	14	20	0	0		2.45	-0.75	314.36
478	14	11	3	14	30	0	0		2.46	-0.76	314.38
479	14	11	3	14	40	0	0		2.46	-0.76	314.39
480	14	11	3	14	50	0	0		2.44	-0.75	314.39
481	14	11	3	15	0	0	0		2.44	-0.74	314.33
482	14	11	3	15	10	0	0		2.43	-0.74	314.32
483	14	11	3	15	20	0	0		2.45	-0.76	314.36
484	14	11	3	15	30	0	0		2.48	-0.77	314.39
485	14	11	3	15	40	0	0		2.46	-0.76	314.39
486	14	11	3	15	50	0	0		2.47	-0.77	314.4
487	14	11	3	16	0	0	0		2.47	-0.75	314.35
488	14	11	3	16	10	0	0		2.46	-0.76	314.31
489	14	11	3	16	20	0	0		2.48	-0.78	314.36
490	14	11	3	16	30	0	0		2.51	-0.79	314.39
491	14	11	3	16	40	0	0		2.5	-0.78	314.4
492	14	11	3	16	50	0	0		2.49	-0.77	314.38
493	14	11	3	17	0	0	0		2.47	-0.77	314.32
494	14	11	3	17	10	0	0		2.48	-0.76	314.31
495	14	11	3	17	20	0	0		2.49	-0.78	314.36
496	14	11	3	17	30	0	0		2.52	-0.79	314.37
497	14	11	3	17	40	0	0		2.51	-0.78	314.37
498	14	11	3	17	50	0	0		2.51	-0.79	314.37
499	14	11	3	18	0	0	0		2.49	-0.78	314.3
500	14	11	3	18	10	0	0		2.48	-0.77	314.28
501	14	11	3	18	20	0	0		2.5	-0.8	314.34
502	14	11	3	18	30	0	0		2.52	-0.8	314.37
503	14	11	3	18	40	0	0		2.51	-0.8	314.37
504	14	11	3	18	50	0	0		2.5	-0.78	314.36
505	14	11	3	19	0	0	0		2.48	-0.79	314.29
506	14	11	3	19	10	0	0		2.48	-0.79	314.28
507	14	11	3	19	20	0	0		2.5	-0.79	314.32
508	14	11	3	19	30	0	0		2.52	-0.81	314.34
509	14	11	3	19	40	0	0		2.51	-0.79	314.33
510	14	11	3	19	50	0	0		2.51	-0.8	314.3
511	14	11	3	20	0	0	0		2.49	-0.79	314.26
512	14	11	3	20	10	0	0		2.48	-0.79	314.23
513	14	11	3	20	20	0	0		2.5	-0.8	314.29
514	14	11	3	20	30	0	0		2.52	-0.81	314.33
515	14	11	3	20	40	0	0		2.51	-0.8	314.32
516	14	11	3	20	50	0	0		2.5	-0.8	314.33
517	14	11	3	21	0	0	0		2.5	-0.79	314.26
518	14	11	3	21	10	0	0		2.5	-0.78	314.25
519	14	11	3	21	20	0	0		2.5	-0.79	314.3
520	14	11	3	21	30	0	0		2.5	-0.81	314.35
521	14	11	3	21	40	0	0		2.47	-0.8	314.34
522	14	11	3	21	50	0	0		2.45	-0.79	314.33
523	14	11	3	22	0	0	0		2.43	-0.79	314.28
524	14	11	3	22	10	0	0		2.37	-0.78	314.27
525	14	11	3	22	20	0	0		2.23	-0.81	314.35
526	14	11	3	22	30	0	0		2.4	-0.82	314.35
527	14	11	3	22	40	0	0		2.45	-0.82	314.35
528	14	11	3	22	50	0	0		2.43	-0.81	314.34
529	14	11	3	23	0	0	0		2.48	-0.84	314.29
530	14	11	3	23	10	0	0		2.51	-0.85	314.28
531	14	11	3	23	20	0	0		2.53	-0.87	314.33
532	14	11	3	23	30	0	0		2.46	-0.89	314.35
533	14	11	3	23	40	0	0		2.58	-0.89	314.35
534	14	11	3	23	50	0	0		2.55	-0.89	314.36
535	14	11	4	0	0	0	0		2.5	-0.88	314.29
536	14	11	4	0	10	0	0		2.52	-0.9	314.27
537	14	11	4	0	20	0	0		2.52	-0.9	314.33
538	14	11	4	0	30	0	0		2.55	-0.93	314.36
539	14	11	4	0	40	0	0		2.53	-0.91	314.36
540	14	11	4	0	50	0	0		2.52	-0.91	314.36
541	14	11	4	1	0	0	0		2.52	-0.91	314.3
542	14	11	4	1	10	0	0		2.5	-0.91	314.27
543	14	11	4	1	20	0	0		2.53	-0.92	314.32
544	14	11	4	1	30	0	0		2.53	-0.93	314.36
545	14	11	4	1	40	0	0		2.53	-0.92	314.35
546	14	11	4	1	50	0	0		2.52	-0.92	314.36
547	14	11	4	2	0	0	0		2.51	-0.91	314.27
548	14	11	4	2	10	0	0		2.5	-0.91	314.27
549	14	11	4	2	20	0	0		2.52	-0.93	314.31
550	14	11	4	2	30	0	0		2.54	-0.94	314.34
551	14	11	4	2	40	0	0		2.53	-0.94	314.36
552	14	11	4	2	50	0	0		2.52	-0.93	314.35
553	14	11	4	3	0	0	0		2.51	-0.92	314.28
554	14	11	4	3	10	0	0		2.51	-0.92	314.27
555	14	11	4	3	20	0	0		2.51	-0.93	314.31
556	14	11	4	3	30	0	0		2.54	-0.95	314.35
557	14	11	4	3	40	0	0		2.53	-0.94	314.35
558	14	11	4	3	50	0	0		2.52	-0.93	314.36
559	14	11	4	4	0	0	0		2.51	-0.93	314.28
560	14	11	4	4	10	0	0		2.5	-0.92	314.27
561	14	11	4	4	20	0	0		2.52	-0.94	314.34
562	14	11	4	4	30	0	0		2.54	-0.94	314.34
563	14	11	4	4	40	0	0		2.53	-0.94	314.36
564	14	11	4	4	50	0	0		2.55	-0.94	314.38
565	14	11	4	5	0	0	0		2.58	-0.93	314.31
566	14	11	4	5	10	0	0		2.59	-0.94	314.3
567	14	11	4	5	20	0	0		2.61	-0.94	314.34
568	14	11	4	5	30	0	0		2.64	-0.96	314.38
569	14	11	4	5	40	0	0		2.64	-0.96	314.4
570	14	11	4	5	50	0	0		2.63	-0.95	314.41
571	14	11	4	6	0	0	0		2.62	-0.95	314.35
572	14	11	4	6	10	0	0		2.61	-0.94	314.34
573	14	11	4	6	20	0	0		2.63	-0.96	314.4
574	14	11	4	6	30	0	0		2.65	-0.97	314.43
575	14	11	4	6	40	0	0		2.63	-0.97	314.43
576	14	11	4	6	50	0	0		2.62	-0.95	314.43
577	14	11	4	7	0	0	0		2.6	-0.95	314.38
578	14	11	4	7	10	0	0		2.6	-0.95	314.37
579	14	11	4	7	20	0	0		2.62	-0.96	314.41
580	14	11	4	7	30	0	0		2.63	-0.97	314.43
581	14	11	4	7	40	0	0		2.63	-0.97	314.44
582	14	11	4	7	50	0	0		2.62	-0.96	314.43
583	14	11	4	8	0	0	0		2.61	-0.95	314.36
584	14	11	4	8	10	0	0		2.61	-0.95	314.36
585	14	11	4	8	20	0	0		2.62	-0.96	314.41
586	14	11	4	8	30	0	0		2.64	-0.97	314.42
587	14	11	4	8	40	0	0		2.63	-0.97	314.43
588	14	11	4	8	50	0	0		2.61	-0.96	314.44
589	14	11	4	9	0	0	0		2.61	-0.95	314.39
590	14	11	4	9	10	0	0		2.59	-0.95	314.33
591	14	11	4	9	20	0	0		2.62	-0.96	314.39
592	14	11	4	9	30	0	0		2.6	-0.97	314.41
593	14	11	4	9	40	0	0		2.59	-0.97	314.38
594	14	11	4	9	50	0	0		2.57	-0.95	314.39
595	14	11	4	10	0	0	0		2.51	-0.94	314.32
596	14	11	4	10	10	0	0		2.55	-0.95	314.29
597	14	11	4	10	20	0	0		2.59	-0.97	314.33
598	14	11	4	10	30	0	0		2.49	-0.98	314.38
599	14	11	4	10	40	0	0		2.49	-0.98	314.38
600	14	11	4	10	50	0	0		2.46	-0.98	314.39
601	14	11	4	11	0	0	0		1.87	-0.95	314.37
602	14	11	4	11	10	0	0		1.87	-0.96	314.34
603	14	11	4	11	20	0	0		2.1	-0.99	314.36
604	14	11	4	11	30	0	0		2.12	-1.02	314.39
605	14	11	4	11	40	0	0		2.42	-1.03	314.35
606	14	11	4	11	50	0	0		2.5	-1.04	314.33
607	14	11	4	12	0	0	0		2.25	-1.04	314.29
608	14	11	4	12	10	0	0		2.26	-1.03	314.27
609	14	11	4	12	20	0	0		2.32	-1.05	314.31
610	14	11	4	12	30	0	0		2.34	-1.07	314.37
611	14	11	4	12	40	0	0		2.3	-1.07	314.37
612	14	11	4	12	50	0	0		2.29	-1.06	314.37
613	14	11	4	13	0	0	0		2.26	-1.05	314.3
614	14	11	4	13	10	0	0		2.25	-1.06	314.28
615	14	11	4	13	20	0	0		2.27	-1.07	314.34
616	14	11	4	13	30	0	0		2.3	-1.08	314.37
617	14	11	4	13	40	0	0		2.29	-1.08	314.37
618	14	11	4	13	50	0	0		2.28	-1.07	314.37
619	14	11	4	14	0	0	0		2.26	-1.07	314.31
620	14	11	4	14	10	0	0		2.26	-1.07	314.27
621	14	11	4	14	20	0	0		2.27	-1.08	314.32
622	14	11	4	14	30	0	0		2.28	-1.09	314.35
623	14	11	4	14	40	0	0		2.28	-1.08	314.35
624	14	11	4	14	50	0	0		2.27	-1.08	314.37
625	14	11	4	15	0	0	0		2.27	-1.06	314.31
626	14	11	4	15	10	0	0		2.26	-1.07	314.29
627	14	11	4	15	20	0	0		2.27	-1.08	314.36
628	14	11	4	15	30	0	0		2.3	-1.09	314.38
629	14	11	4	15	40	0	0		2.28	-1.09	314.36
630	14	11	4	15	50	0	0		2.27	-1.07	314.36
631	14	11	4	16	0	0	0		2.27	-1.06	314.32
632	14	11	4	16	10	0	0		2.26	-1.07	314.29
633	14	11	4	16	20	0	0		2.28	-1.09	314.35
634	14	11	4	16	30	0	0		2.29	-1.09	314.38
635	14	11	4	16	40	0	0		2.29	-1.09	314.38
636	14	11	4	16	50	0	0		2.28	-1.09	314.39
637	14	11	4	17	0	0	0		2.27	-1.08	314.33
638	14	11	4	17	10	0	0		2.27	-1.07	314.31
639	14	11	4	17	20	0	0		2.34	-1.1	314.34
640	14	11	4	17	30	0	0		2.33	-1.11	314.36
641	14	11	4	17	40	0	0		2.35	-1.1	314.39
642	14	11	4	17	50	0	0		2.38	-1.09	314.38
643	14	11	4	18	0	0	0		2.37	-1.09	314.32
644	14	11	4	18	10	0	0		2.37	-1.1	314.31
645	14	11	4	18	20	0	0		2.38	-1.1	314.35
646	14	11	4	18	30	0	0		2.41	-1.1	314.39
647	14	11	4	18	40	0	0		2.39	-1.1	314.38
648	14	11	4	18	50	0	0		2.38	-1.1	314.39
649	14	11	4	19	0	0	0		2.36	-1.1	314.31
650	14	11	4	19	10	0	0		2.36	-1.09	314.28
651	14	11	4	19	20	0	0		2.38	-1.1	314.33
652	14	11	4	19	30	0	0		2.39	-1.11	314.37
653	14	11	4	19	40	0	0		2.39	-1.1	314.37
654	14	11	4	19	50	0	0		2.37	-1.09	314.38
655	14	11	4	20	0	0	0		2.36	-1.1	314.3
656	14	11	4	20	10	0	0		2.36	-1.1	314.29
657	14	11	4	20	20	0	0		2.37	-1.1	314.33
658	14	11	4	20	30	0	0		2.4	-1.11	314.34
659	14	11	4	20	40	0	0		2.39	-1.1	314.35
660	14	11	4	20	50	0	0		2.38	-1.1	314.37
661	14	11	4	21	0	0	0		2.37	-1.1	314.29
662	14	11	4	21	10	0	0		2.36	-1.1	314.27
663	14	11	4	21	20	0	0		2.38	-1.1	314.33
664	14	11	4	21	30	0	0		2.37	-1.11	314.36
665	14	11	4	21	40	0	0		2.38	-1.1	314.36
666	14	11	4	21	50	0	0		2.36	-1.1	314.37
667	14	11	4	22	0	0	0		2.37	-1.09	314.31
668	14	11	4	22	10	0	0		2.21	-1.08	314.27
669	14	11	4	22	20	0	0		2.17	-1.09	314.37
670	14	11	4	22	30	0	0		2.2	-1.1	314.38
671	14	11	4	22	40	0	0		2.23	-1.11	314.37
672	14	11	4	22	50	0	0		2.23	-1.09	314.38
673	14	11	4	23	0	0	0		2.13	-1.08	314.34
674	14	11	4	23	10	0	0		2.46	-1.09	314.29
675	14	11	4	23	20	0	0		2.11	-0.03	314.44
676	14	11	4	23	30	0	0		2.1	0.24	314.48
677	14	11	4	23	40	0	0		1.53	0.66	314.57
678	14	11	4	23	50	0	0		1.45	0.91	314.6
679	14	11	5	0	0	0	0		1.58	0.89	314.51
680	14	11	5	0	10	0	0		1.87	0.89	314.46
681	14	11	5	0	20	0	0		1.65	0.89	314.55
682	14	11	5	0	30	0	0		1.69	0.87	314.59
683	14	11	5	0	40	0	0		1.48	0.87	314.59
684	14	11	5	0	50	0	0		1.6	0.88	314.59
685	14	11	5	1	0	0	0		1.61	0.88	314.51
686	14	11	5	1	10	0	0		1.67	0.88	314.5
687	14	11	5	1	20	0	0		1.72	0.86	314.54
688	14	11	5	1	30	0	0		1.72	0.86	314.59
689	14	11	5	1	40	0	0		1.72	0.85	314.58
690	14	11	5	1	50	0	0		1.7	0.86	314.57
691	14	11	5	2	0	0	0		1.68	0.86	314.49
692	14	11	5	2	10	0	0		1.68	0.87	314.46
693	14	11	5	2	20	0	0		1.7	0.85	314.53
694	14	11	5	2	30	0	0		1.72	0.85	314.56
695	14	11	5	2	40	0	0		1.71	0.85	314.57
696	14	11	5	2	50	0	0		1.7	0.86	314.55
697	14	11	5	3	0	0	0		1.69	0.86	314.51
698	14	11	5	3	10	0	0		1.69	0.86	314.49
699	14	11	5	3	20	0	0		1.7	0.86	314.54
700	14	11	5	3	30	0	0		1.72	0.85	314.54
701	14	11	5	3	40	0	0		1.71	0.86	314.52
702	14	11	5	3	50	0	0		1.7	0.86	314.54
703	14	11	5	4	0	0	0		1.69	0.87	314.49
704	14	11	5	4	10	0	0		1.69	0.86	314.47
705	14	11	5	4	20	0	0		1.71	0.85	314.54
706	14	11	5	4	30	0	0		1.72	0.84	314.54
707	14	11	5	4	40	0	0		1.71	0.84	314.56
708	14	11	5	4	50	0	0		1.69	0.85	314.55
709	14	11	5	5	0	0	0		1.69	0.86	314.48
710	14	11	5	5	10	0	0		1.69	0.86	314.46
711	14	11	5	5	20	0	0		1.71	0.85	314.54
712	14	11	5	5	30	0	0		1.76	0.83	314.57
713	14	11	5	5	40	0	0		1.78	0.84	314.57
714	14	11	5	5	50	0	0		1.82	0.85	314.56
715	14	11	5	6	0	0	0		2.2	0.82	314.48
716	14	11	5	6	10	0	0		2.28	0.82	314.44
717	14	11	5	6	20	0	0		2.17	0.82	314.5
718	14	11	5	6	30	0	0		2.18	0.81	314.54
719	14	11	5	6	40	0	0		2.17	0.82	314.54
720	14	11	5	6	50	0	0		2.15	0.83	314.56
721	14	11	5	7	0	0	0		2.13	0.84	314.53
722	14	11	5	7	10	0	0		2.14	0.83	314.48
723	14	11	5	7	20	0	0		2.15	0.83	314.51
724	14	11	5	7	30	0	0		2.16	0.82	314.53
725	14	11	5	7	40	0	0		2.15	0.82	314.54
726	14	11	5	7	50	0	0		2.15	0.83	314.54
727	14	11	5	8	0	0	0		2.14	0.84	314.49
728	14	11	5	8	10	0	0		2.13	0.83	314.48
729	14	11	5	8	20	0	0		2.14	0.83	314.48
730	14	11	5	8	30	0	0		2.15	0.82	314.52
731	14	11	5	8	40	0	0		2.15	0.82	314.53
732	14	11	5	8	50	0	0		2.14	0.83	314.54
733	14	11	5	9	0	0	0		2.12	0.84	314.48
734	14	11	5	9	10	0	0		2.12	0.83	314.45
735	14	11	5	9	20	0	0		2.14	0.83	314.51
736	14	11	5	9	30	0	0		2.15	0.82	314.52
737	14	11	5	9	40	0	0		2.14	0.82	314.53
738	14	11	5	9	50	0	0		2.13	0.83	314.53
739	14	11	5	10	0	0	0		2.12	0.83	314.46
740	14	11	5	10	10	0	0		2.12	0.84	314.44
741	14	11	5	10	20	0	0		2.14	0.83	314.5
742	14	11	5	10	30	0	0		2.18	0.83	314.52
743	14	11	5	10	40	0	0		2.1	0.84	314.51
744	14	11	5	10	50	0	0		2.08	0.84	314.52
745	14	11	5	11	0	0	0		1.47	0.89	314.51
746	14	11	5	11	10	0	0		1.46	0.92	314.48
747	14	11	5	11	20	0	0		1.42	0.94	314.55
748	14	11	5	11	30	0	0		1.44	1.03	314.58
749	14	11	5	11	40	0	0		1.44	1.05	314.6
750	14	11	5	11	50	0	0		1.41	1.14	314.61
751	14	11	5	12	0	0	0		1.4	1.21	314.54
752	14	11	5	12	10	0	0		1.38	1.22	314.52
753	14	11	5	12	20	0	0		1.39	1.28	314.58
754	14	11	5	12	30	0	0		1.4	1.3	314.62
755	14	11	5	12	40	0	0		1.38	1.34	314.62
756	14	11	5	12	50	0	0		1.39	1.36	314.63
757	14	11	5	13	0	0	0		1.38	1.37	314.56
758	14	11	5	13	10	0	0		1.36	1.38	314.52
759	14	11	5	13	20	0	0		1.38	1.37	314.59
760	14	11	5	13	30	0	0		1.39	1.35	314.59
761	14	11	5	13	40	0	0		1.39	1.35	314.59
762	14	11	5	13	50	0	0		1.37	1.37	314.58
763	14	11	5	14	0	0	0		1.37	1.37	314.52
764	14	11	5	14	10	0	0		1.35	1.37	314.51
765	14	11	5	14	20	0	0		1.37	1.36	314.56
766	14	11	5	14	30	0	0		1.39	1.35	314.59
767	14	11	5	14	40	0	0		1.38	1.36	314.61
768	14	11	5	14	50	0	0		1.37	1.37	314.58
769	14	11	5	15	0	0	0		1.36	1.38	314.51
770	14	11	5	15	10	0	0		1.35	1.38	314.5
771	14	11	5	15	20	0	0		1.37	1.37	314.55
772	14	11	5	15	30	0	0		1.38	1.36	314.58
773	14	11	5	15	40	0	0		1.38	1.36	314.58
774	14	11	5	15	50	0	0		1.36	1.37	314.58
775	14	11	5	16	0	0	0		1.36	1.38	314.5
776	14	11	5	16	10	0	0		1.35	1.38	314.48
777	14	11	5	16	20	0	0		1.36	1.37	314.53
778	14	11	5	16	30	0	0		1.39	1.35	314.55
779	14	11	5	16	40	0	0		1.37	1.36	314.56
780	14	11	5	16	50	0	0		1.36	1.36	314.55
781	14	11	5	17	0	0	0		1.36	1.37	314.49
782	14	11	5	17	10	0	0		1.35	1.36	314.48
783	14	11	5	17	20	0	0		1.37	1.36	314.56
784	14	11	5	17	30	0	0		1.38	1.35	314.56
785	14	11	5	17	40	0	0		1.37	1.35	314.59
786	14	11	5	17	50	0	0		1.37	1.36	314.58
787	14	11	5	18	0	0	0		1.36	1.37	314.53
788	14	11	5	18	10	0	0		1.34	1.37	314.51
789	14	11	5	18	20	0	0		1.37	1.38	314.58
790	14	11	5	18	30	0	0		1.38	1.37	314.6
791	14	11	5	18	40	0	0		1.37	1.4	314.58
792	14	11	5	18	50	0	0		1.36	1.41	314.6
793	14	11	5	19	0	0	0		1.34	1.43	314.53
794	14	11	5	19	10	0	0		1.33	1.46	314.52
795	14	11	5	19	20	0	0		1.34	1.47	314.57
796	14	11	5	19	30	0	0		1.35	1.49	314.58
797	14	11	5	19	40	0	0		1.34	1.51	314.59
798	14	11	5	19	50	0	0		1.34	1.51	314.6
799	14	11	5	20	0	0	0		1.33	1.53	314.53
800	14	11	5	20	10	0	0		1.32	1.52	314.49
801	14	11	5	20	20	0	0		1.33	1.53	314.54
802	14	11	5	20	30	0	0		1.35	1.52	314.55
803	14	11	5	20	40	0	0		1.34	1.53	314.55
804	14	11	5	20	50	0	0		1.33	1.53	314.56
805	14	11	5	21	0	0	0		1.32	1.54	314.51
806	14	11	5	21	10	0	0		1.3	1.54	314.48
807	14	11	5	21	20	0	0		1.32	1.54	314.53
808	14	11	5	21	30	0	0		1.33	1.52	314.55
809	14	11	5	21	40	0	0		1.33	1.53	314.55
810	14	11	5	21	50	0	0		1.31	1.55	314.56
811	14	11	5	22	0	0	0		1.3	1.55	314.51
812	14	11	5	22	10	0	0		1.3	1.57	314.46
813	14	11	5	22	20	0	0		1.3	1.57	314.51
814	14	11	5	22	30	0	0		1.31	1.58	314.54
815	14	11	5	22	40	0	0		1.31	1.59	314.55
816	14	11	5	22	50	0	0		1.29	1.65	314.56
817	14	11	5	23	0	0	0		1.23	1.75	314.5
818	14	11	5	23	10	0	0		1.15	1.84	314.48
819	14	11	5	23	20	0	0		1.09	1.92	314.54
820	14	11	5	23	30	0	0		0.99	2.07	314.59
821	14	11	5	23	40	0	0		0.88	2.21	314.6
822	14	11	5	23	50	0	0		0.71	2.41	314.63
823	14	11	6	0	0	0	0		0.62	2.49	314.59
824	14	11	6	0	10	0	0		0.54	2.64	314.57
825	14	11	6	0	20	0	0		0.49	2.67	314.61
826	14	11	6	0	30	0	0		0.5	2.7	314.66
827	14	11	6	0	40	0	0		0.46	2.72	314.64
828	14	11	6	0	50	0	0		0.34	2.78	314.68
829	14	11	6	1	0	0	0		0.32	2.8	314.62
830	14	11	6	1	10	0	0		0.3	2.81	314.6
831	14	11	6	1	20	0	0		0.29	2.81	314.65
832	14	11	6	1	30	0	0		0.3	2.8	314.67
833	14	11	6	1	40	0	0		0.28	2.8	314.66
834	14	11	6	1	50	0	0		0.27	2.81	314.67
835	14	11	6	2	0	0	0		0.25	2.82	314.62
836	14	11	6	2	10	0	0		0.24	2.82	314.6
837	14	11	6	2	20	0	0		0.26	2.81	314.67
838	14	11	6	2	30	0	0		0.27	2.82	314.66
839	14	11	6	2	40	0	0		0.27	2.81	314.68
840	14	11	6	2	50	0	0		0.26	2.83	314.69
841	14	11	6	3	0	0	0		0.25	2.83	314.63
842	14	11	6	3	10	0	0		0.24	2.83	314.6
843	14	11	6	3	20	0	0		0.26	2.83	314.63
844	14	11	6	3	30	0	0		0.27	2.82	314.65
845	14	11	6	3	40	0	0		0.26	2.82	314.69
846	14	11	6	3	50	0	0		0.25	2.83	314.69
847	14	11	6	4	0	0	0		0.24	2.83	314.62
848	14	11	6	4	10	0	0		0.23	2.84	314.61
849	14	11	6	4	20	0	0		0.25	2.83	314.64
850	14	11	6	4	30	0	0		0.26	2.83	314.69
851	14	11	6	4	40	0	0		0.26	2.83	314.7
852	14	11	6	4	50	0	0		0.25	2.83	314.68
853	14	11	6	5	0	0	0		0.24	2.84	314.63
854	14	11	6	5	10	0	0		0.23	2.84	314.6
855	14	11	6	5	20	0	0		0.24	2.82	314.65
856	14	11	6	5	30	0	0		0.27	2.82	314.67
857	14	11	6	5	40	0	0		0.26	2.82	314.69
858	14	11	6	5	50	0	0		0.24	2.83	314.7
859	14	11	6	6	0	0	0		0.22	2.84	314.65
860	14	11	6	6	10	0	0		0.23	2.84	314.63
861	14	11	6	6	20	0	0		0.23	2.84	314.7
862	14	11	6	6	30	0	0		0.22	2.89	314.72
863	14	11	6	6	40	0	0		0.13	3.02	314.74
864	14	11	6	6	50	0	0		-0.02	3.17	314.77
865	14	11	6	7	0	0	0		-0.12	3.25	314.72
866	14	11	6	7	10	0	0		-0.28	3.41	314.72
867	14	11	6	7	20	0	0		-0.32	3.45	314.77
868	14	11	6	7	30	0	0		-0.38	3.52	314.81
869	14	11	6	7	40	0	0		-0.42	3.53	314.8
870	14	11	6	7	50	0	0		-0.44	3.55	314.8
871	14	11	6	8	0	0	0		-0.47	3.57	314.72
872	14	11	6	8	10	0	0		-0.49	3.58	314.7
873	14	11	6	8	20	0	0		-0.5	3.6	314.75
874	14	11	6	8	30	0	0		-0.51	3.61	314.76
875	14	11	6	8	40	0	0		-0.52	3.61	314.77
876	14	11	6	8	50	0	0		-0.53	3.62	314.76
877	14	11	6	9	0	0	0		-0.54	3.63	314.7
878	14	11	6	9	10	0	0		-0.55	3.63	314.69
879	14	11	6	9	20	0	0		-0.54	3.62	314.74
880	14	11	6	9	30	0	0		-0.53	3.62	314.73
881	14	11	6	9	40	0	0		-0.54	3.63	314.74
882	14	11	6	9	50	0	0		-0.56	3.64	314.74
883	14	11	6	10	0	0	0		-0.57	3.65	314.71
884	14	11	6	10	10	0	0		-0.59	3.66	314.7
885	14	11	6	10	20	0	0		-0.58	3.66	314.73
886	14	11	6	10	30	0	0		-0.58	3.66	314.73
887	14	11	6	10	40	0	0		-0.61	3.68	314.75
888	14	11	6	10	50	0	0		-0.62	3.69	314.75
889	14	11	6	11	0	0	0		-0.68	3.72	314.68
890	14	11	6	11	10	0	0		-0.72	3.73	314.65
891	14	11	6	11	20	0	0		-0.74	3.73	314.7
892	14	11	6	11	30	0	0		-0.74	3.72	314.73
893	14	11	6	11	40	0	0		-0.76	3.72	314.74
894	14	11	6	11	50	0	0		-0.79	3.71	314.73
895	14	11	6	12	0	0	0		-0.81	3.72	314.67
896	14	11	6	12	10	0	0		-0.85	3.73	314.69
897	14	11	6	12	20	0	0		-0.85	3.74	314.72
898	14	11	6	12	30	0	0		-0.85	3.75	314.75
899	14	11	6	12	40	0	0		-0.86	3.77	314.76
900	14	11	6	12	50	0	0		-0.88	3.8	314.77
901	14	11	6	13	0	0	0		-0.9	3.84	314.73
902	14	11	6	13	10	0	0		-0.92	3.86	314.71
903	14	11	6	13	20	0	0		-0.91	3.87	314.75
904	14	11	6	13	30	0	0		-0.89	3.87	314.79
905	14	11	6	13	40	0	0		-0.9	3.87	314.79
906	14	11	6	13	50	0	0		-0.9	3.89	314.8
907	14	11	6	14	0	0	0		-0.91	3.89	314.74
908	14	11	6	14	10	0	0		-0.92	3.88	314.71
909	14	11	6	14	20	0	0		-0.9	3.89	314.77
910	14	11	6	14	30	0	0		-0.89	3.89	314.81
911	14	11	6	14	40	0	0		-0.9	3.89	314.81
912	14	11	6	14	50	0	0		-0.9	3.89	314.81
913	14	11	6	15	0	0	0		-0.91	3.9	314.74
914	14	11	6	15	10	0	0		-0.92	3.9	314.71
915	14	11	6	15	20	0	0		-0.9	3.9	314.76
916	14	11	6	15	30	0	0		-0.89	3.89	314.78
917	14	11	6	15	40	0	0		-0.89	3.89	314.78
918	14	11	6	15	50	0	0		-0.91	3.89	314.8
919	14	11	6	16	0	0	0		-0.91	3.89	314.73
920	14	11	6	16	10	0	0		-0.91	3.91	314.72
921	14	11	6	16	20	0	0		-0.91	3.9	314.76
922	14	11	6	16	30	0	0		-0.9	3.89	314.79
923	14	11	6	16	40	0	0		-0.9	3.9	314.79
924	14	11	6	16	50	0	0		-0.92	3.91	314.79
925	14	11	6	17	0	0	0		-0.92	3.9	314.75
926	14	11	6	17	10	0	0		-0.92	3.91	314.72
927	14	11	6	17	20	0	0		-0.9	3.9	314.76
928	14	11	6	17	30	0	0		-0.9	3.9	314.79
929	14	11	6	17	40	0	0		-0.89	3.9	314.79
930	14	11	6	17	50	0	0		-0.91	3.91	314.79
931	14	11	6	18	0	0	0		-0.92	3.92	314.73
932	14	11	6	18	10	0	0		-0.93	3.92	314.73
933	14	11	6	18	20	0	0		-0.92	3.93	314.77
934	14	11	6	18	30	0	0		-0.9	3.93	314.8
935	14	11	6	18	40	0	0		-0.91	3.95	314.82
936	14	11	6	18	50	0	0		-0.92	3.96	314.83
937	14	11	6	19	0	0	0		-0.94	3.99	314.77
938	14	11	6	19	10	0	0		-0.95	4.01	314.77
939	14	11	6	19	20	0	0		-0.94	4	314.82
940	14	11	6	19	30	0	0		-0.93	4.01	314.84
941	14	11	6	19	40	0	0		-0.95	4.02	314.84
942	14	11	6	19	50	0	0		-0.96	4.04	314.84
943	14	11	6	20	0	0	0		-0.98	4.04	314.77
944	14	11	6	20	10	0	0		-0.98	4.04	314.75
945	14	11	6	20	20	0	0		-0.97	4.04	314.77
946	14	11	6	20	30	0	0		-0.94	4.04	314.79
947	14	11	6	20	40	0	0		-0.95	4.04	314.8
948	14	11	6	20	50	0	0		-0.97	4.04	314.8
949	14	11	6	21	0	0	0		-0.98	4.05	314.72
950	14	11	6	21	10	0	0		-0.98	4.05	314.7
951	14	11	6	21	20	0	0		-0.97	4.04	314.75
952	14	11	6	21	30	0	0		-0.96	4.03	314.78
953	14	11	6	21	40	0	0		-0.96	4.04	314.77
954	14	11	6	21	50	0	0		-0.97	4.04	314.76
955	14	11	6	22	0	0	0		-0.98	4.05	314.72
956	14	11	6	22	10	0	0		-0.99	4.05	314.7
957	14	11	6	22	20	0	0		-0.98	4.04	314.77
958	14	11	6	22	30	0	0		-0.96	4.04	314.79
959	14	11	6	22	40	0	0		-0.97	4.04	314.81
960	14	11	6	22	50	0	0		-0.98	4.06	314.81
961	14	11	6	23	0	0	0		-0.99	4.06	314.75
962	14	11	6	23	10	0	0		-1.01	4.08	314.73
963	14	11	6	23	20	0	0		-1	4.08	314.77
964	14	11	6	23	30	0	0		-1.01	4.08	314.8
965	14	11	6	23	40	0	0		-1.04	4.09	314.81
966	14	11	6	23	50	0	0		-1.13	4.11	314.83
967	14	11	7	0	0	0	0		-1.14	4.12	314.77
968	14	11	7	0	10	0	0		-1.21	4.2	314.76
969	14	11	7	0	20	0	0		-1.21	4.2	314.8
970	14	11	7	0	30	0	0		-1.21	4.25	314.84
971	14	11	7	0	40	0	0		-1.22	4.31	314.83
972	14	11	7	0	50	0	0		-1.27	4.34	314.87
973	14	11	7	1	0	0	0		-1.28	4.38	314.81
974	14	11	7	1	10	0	0		-1.3	4.41	314.79
975	14	11	7	1	20	0	0		-1.29	4.45	314.85
976	14	11	7	1	30	0	0		-1.28	4.46	314.89
977	14	11	7	1	40	0	0		-1.28	4.46	314.88
978	14	11	7	1	50	0	0		-1.3	4.48	314.89
979	14	11	7	2	0	0	0		-1.3	4.49	314.84
980	14	11	7	2	10	0	0		-1.31	4.49	314.83
981	14	11	7	2	20	0	0		-1.3	4.49	314.89
982	14	11	7	2	30	0	0		-1.29	4.48	314.9
983	14	11	7	2	40	0	0		-1.29	4.49	314.9
984	14	11	7	2	50	0	0		-1.29	4.49	314.9
985	14	11	7	3	0	0	0		-1.31	4.5	314.83
986	14	11	7	3	10	0	0		-1.31	4.49	314.83
987	14	11	7	3	20	0	0		-1.29	4.49	314.87
988	14	11	7	3	30	0	0		-1.29	4.49	314.91
989	14	11	7	3	40	0	0		-1.29	4.49	314.9
990	14	11	7	3	50	0	0		-1.3	4.49	314.91
991	14	11	7	4	0	0	0		-1.3	4.5	314.82
992	14	11	7	4	10	0	0		-1.31	4.5	314.82
993	14	11	7	4	20	0	0		-1.3	4.49	314.86
994	14	11	7	4	30	0	0		-1.29	4.49	314.88
995	14	11	7	4	40	0	0		-1.29	4.5	314.87
996	14	11	7	4	50	0	0		-1.3	4.5	314.87
997	14	11	7	5	0	0	0		-1.32	4.5	314.82
998	14	11	7	5	10	0	0		-1.32	4.49	314.79
999	14	11	7	5	20	0	0		-1.3	4.5	314.84
1000	14	11	7	5	30	0	0		-1.29	4.49	314.85
1001	14	11	7	5	40	0	0		-1.29	4.49	314.89
1002	14	11	7	5	50	0	0		-1.29	4.49	314.89
1003	14	11	7	6	0	0	0		-1.31	4.49	314.84
1004	14	11	7	6	10	0	0		-1.31	4.49	314.84
1005	14	11	7	6	20	0	0		-1.31	4.5	314.88
1006	14	11	7	6	30	0	0		-1.29	4.49	314.92
1007	14	11	7	6	40	0	0		-1.3	4.5	314.92
1008	14	11	7	6	50	0	0		-1.31	4.51	314.95
1009	14	11	7	7	0	0	0		-1.32	4.52	314.9
1010	14	11	7	7	10	0	0		-1.32	4.52	314.88
1011	14	11	7	7	20	0	0		-1.31	4.53	314.92
1012	14	11	7	7	30	0	0		-1.29	4.53	314.95
1013	14	11	7	7	40	0	0		-1.31	4.56	314.95
1014	14	11	7	7	50	0	0		-1.32	4.57	314.95
1015	14	11	7	8	0	0	0		-1.33	4.58	314.88
1016	14	11	7	8	10	0	0		-1.34	4.58	314.88
1017	14	11	7	8	20	0	0		-1.32	4.59	314.91
1018	14	11	7	8	30	0	0		-1.31	4.58	314.93
1019	14	11	7	8	40	0	0		-1.32	4.58	314.9
1020	14	11	7	8	50	0	0		-1.32	4.59	314.92
1021	14	11	7	9	0	0	0		-1.33	4.59	314.83
1022	14	11	7	9	10	0	0		-1.34	4.58	314.82
1023	14	11	7	9	20	0	0		-1.32	4.58	314.87
1024	14	11	7	9	30	0	0		-1.31	4.58	314.87
1025	14	11	7	9	40	0	0		-1.31	4.58	314.88
1026	14	11	7	9	50	0	0		-1.33	4.58	314.88
1027	14	11	7	10	0	0	0		-1.33	4.59	314.81
1028	14	11	7	10	10	0	0		-1.33	4.59	314.81
1029	14	11	7	10	20	0	0		-1.33	4.59	314.84
1030	14	11	7	10	30	0	0		-1.31	4.59	314.86
1031	14	11	7	10	40	0	0		-1.31	4.57	314.87
1032	14	11	7	10	50	0	0		-1.32	4.59	314.86
1033	14	11	7	11	0	0	0		-1.33	4.59	314.79
1034	14	11	7	11	10	0	0		-1.34	4.59	314.76
1035	14	11	7	11	20	0	0		-1.33	4.59	314.81
1036	14	11	7	11	30	0	0		-1.31	4.59	314.82
1037	14	11	7	11	40	0	0		-1.34	4.6	314.83
1038	14	11	7	11	50	0	0		-1.34	4.6	314.83
1039	14	11	7	12	0	0	0		-1.37	4.61	314.77
1040	14	11	7	12	10	0	0		-1.38	4.6	314.73
1041	14	11	7	12	20	0	0		-1.38	4.61	314.76
1042	14	11	7	12	30	0	0		-1.37	4.59	314.8
1043	14	11	7	12	40	0	0		-1.37	4.6	314.81
1044	14	11	7	12	50	0	0		-1.38	4.6	314.82
1045	14	11	7	13	0	0	0		-1.37	4.6	314.75
1046	14	11	7	13	10	0	0		-1.39	4.6	314.74
1047	14	11	7	13	20	0	0		-1.38	4.6	314.79
1048	14	11	7	13	30	0	0		-1.36	4.61	314.81
1049	14	11	7	13	40	0	0		-1.37	4.62	314.83
1050	14	11	7	13	50	0	0		-1.37	4.65	314.85
1051	14	11	7	14	0	0	0		-1.39	4.67	314.81
1052	14	11	7	14	10	0	0		-1.38	4.67	314.79
1053	14	11	7	14	20	0	0		-1.38	4.67	314.82
1054	14	11	7	14	30	0	0		-1.36	4.66	314.86
1055	14	11	7	14	40	0	0		-1.37	4.67	314.88
1056	14	11	7	14	50	0	0		-1.38	4.67	314.9
1057	14	11	7	15	0	0	0		-1.38	4.67	314.85
1058	14	11	7	15	10	0	0		-1.39	4.67	314.85
1059	14	11	7	15	20	0	0		-1.38	4.67	314.87
1060	14	11	7	15	30	0	0		-1.36	4.68	314.89
1061	14	11	7	15	40	0	0		-1.38	4.68	314.9
1062	14	11	7	15	50	0	0		-1.38	4.68	314.9
1063	14	11	7	16	0	0	0		-1.39	4.68	314.84
1064	14	11	7	16	10	0	0		-1.39	4.68	314.81
1065	14	11	7	16	20	0	0		-1.38	4.68	314.86
1066	14	11	7	16	30	0	0		-1.37	4.68	314.86
1067	14	11	7	16	40	0	0		-1.37	4.67	314.89
1068	14	11	7	16	50	0	0		-1.38	4.68	314.87
1069	14	11	7	17	0	0	0		-1.38	4.68	314.81
1070	14	11	7	17	10	0	0		-1.4	4.68	314.78
1071	14	11	7	17	20	0	0		-1.37	4.68	314.83
1072	14	11	7	17	30	0	0		-1.37	4.67	314.85
1073	14	11	7	17	40	0	0		-1.38	4.68	314.86
1074	14	11	7	17	50	0	0		-1.38	4.68	314.87
1075	14	11	7	18	0	0	0		-1.38	4.68	314.82
1076	14	11	7	18	10	0	0		-1.39	4.67	314.82
1077	14	11	7	18	20	0	0		-1.38	4.68	314.87
1078	14	11	7	18	30	0	0		-1.36	4.67	314.87
1079	14	11	7	18	40	0	0		-1.37	4.68	314.88
1080	14	11	7	18	50	0	0		-1.39	4.68	314.89
1081	14	11	7	19	0	0	0		-1.4	4.69	314.83
1082	14	11	7	19	10	0	0		-1.4	4.69	314.81
1083	14	11	7	19	20	0	0		-1.39	4.7	314.87
1084	14	11	7	19	30	0	0		-1.38	4.71	314.91
1085	14	11	7	19	40	0	0		-1.4	4.73	314.92
1086	14	11	7	19	50	0	0		-1.4	4.75	314.93
1087	14	11	7	20	0	0	0		-1.41	4.76	314.87
1088	14	11	7	20	10	0	0		-1.43	4.76	314.84
1089	14	11	7	20	20	0	0		-1.43	4.78	314.87
1090	14	11	7	20	30	0	0		-1.41	4.77	314.89
1091	14	11	7	20	40	0	0		-1.42	4.77	314.89
1092	14	11	7	20	50	0	0		-1.43	4.77	314.89
1093	14	11	7	21	0	0	0		-1.44	4.78	314.82
1094	14	11	7	21	10	0	0		-1.44	4.78	314.79
1095	14	11	7	21	20	0	0		-1.43	4.78	314.82
1096	14	11	7	21	30	0	0		-1.41	4.77	314.83
1097	14	11	7	21	40	0	0		-1.42	4.77	314.84
1098	14	11	7	21	50	0	0		-1.44	4.78	314.83
1099	14	11	7	22	0	0	0		-1.45	4.78	314.77
1100	14	11	7	22	10	0	0		-1.45	4.78	314.77
1101	14	11	7	22	20	0	0		-1.43	4.78	314.8
1102	14	11	7	22	30	0	0		-1.42	4.77	314.81
1103	14	11	7	22	40	0	0		-1.43	4.78	314.83
1104	14	11	7	22	50	0	0		-1.44	4.77	314.82
1105	14	11	7	23	0	0	0		-1.45	4.78	314.77
1106	14	11	7	23	10	0	0		-1.45	4.79	314.76
1107	14	11	7	23	20	0	0		-1.43	4.78	314.84
1108	14	11	7	23	30	0	0		-1.43	4.78	314.86
1109	14	11	7	23	40	0	0		-1.43	4.79	314.86
1110	14	11	7	23	50	0	0		-1.44	4.8	314.88
1111	14	11	8	0	0	0	0		-1.46	4.81	314.84
1112	14	11	8	0	10	0	0		-1.48	4.81	314.8
1113	14	11	8	0	20	0	0		-1.49	4.81	314.87
1114	14	11	8	0	30	0	0		-1.47	4.8	314.88
1115	14	11	8	0	40	0	0		-1.48	4.8	314.88
1116	14	11	8	0	50	0	0		-1.49	4.8	314.89
1117	14	11	8	1	0	0	0		-1.5	4.79	314.83
1118	14	11	8	1	10	0	0		-1.49	4.79	314.81
1119	14	11	8	1	20	0	0		-1.47	4.78	314.85
1120	14	11	8	1	30	0	0		-1.45	4.77	314.87
1121	14	11	8	1	40	0	0		-1.45	4.77	314.89
1122	14	11	8	1	50	0	0		-1.46	4.76	314.9
1123	14	11	8	2	0	0	0		-1.47	4.76	314.84
1124	14	11	8	2	10	0	0		-1.46	4.75	314.81
1125	14	11	8	2	20	0	0		-1.45	4.75	314.86
1126	14	11	8	2	30	0	0		-1.43	4.75	314.9
1127	14	11	8	2	40	0	0		-1.44	4.75	314.9
1128	14	11	8	2	50	0	0		-1.44	4.76	314.9
1129	14	11	8	3	0	0	0		-1.44	4.75	314.85
1130	14	11	8	3	10	0	0		-1.45	4.76	314.83
1131	14	11	8	3	20	0	0		-1.43	4.75	314.87
1132	14	11	8	3	30	0	0		-1.43	4.75	314.9
1133	14	11	8	3	40	0	0		-1.43	4.75	314.9
1134	14	11	8	3	50	0	0		-1.43	4.75	314.9
1135	14	11	8	4	0	0	0		-1.44	4.75	314.84
1136	14	11	8	4	10	0	0		-1.44	4.75	314.81
1137	14	11	8	4	20	0	0		-1.44	4.75	314.84
1138	14	11	8	4	30	0	0		-1.43	4.75	314.87
1139	14	11	8	4	40	0	0		-1.43	4.75	314.88
1140	14	11	8	4	50	0	0		-1.44	4.76	314.88
1141	14	11	8	5	0	0	0		-1.45	4.76	314.8
1142	14	11	8	5	10	0	0		-1.45	4.75	314.81
1143	14	11	8	5	20	0	0		-1.44	4.76	314.84
1144	14	11	8	5	30	0	0		-1.42	4.75	314.86
1145	14	11	8	5	40	0	0		-1.43	4.74	314.88
1146	14	11	8	5	50	0	0		-1.43	4.76	314.87
1147	14	11	8	6	0	0	0		-1.45	4.75	314.82
1148	14	11	8	6	10	0	0		-1.46	4.76	314.8
1149	14	11	8	6	20	0	0		-1.44	4.75	314.88
1150	14	11	8	6	30	0	0		-1.44	4.75	314.91
1151	14	11	8	6	40	0	0		-1.44	4.74	314.92
1152	14	11	8	6	50	0	0		-1.44	4.75	314.92
1153	14	11	8	7	0	0	0		-1.45	4.75	314.86
1154	14	11	8	7	10	0	0		-1.46	4.75	314.85
1155	14	11	8	7	20	0	0		-1.45	4.74	314.89
1156	14	11	8	7	30	0	0		-1.44	4.74	314.92
1157	14	11	8	7	40	0	0		-1.45	4.74	314.92
1158	14	11	8	7	50	0	0		-1.46	4.76	314.93
1159	14	11	8	8	0	0	0		-1.47	4.76	314.89
1160	14	11	8	8	10	0	0		-1.47	4.77	314.86
1161	14	11	8	8	20	0	0		-1.46	4.76	314.92
1162	14	11	8	8	30	0	0		-1.45	4.77	314.94
1163	14	11	8	8	40	0	0		-1.45	4.77	314.95
1164	14	11	8	8	50	0	0		-1.47	4.77	314.95
1165	14	11	8	9	0	0	0		-1.48	4.78	314.89
1166	14	11	8	9	10	0	0		-1.48	4.77	314.87
1167	14	11	8	9	20	0	0		-1.47	4.77	314.91
1168	14	11	8	9	30	0	0		-1.46	4.77	314.93
1169	14	11	8	9	40	0	0		-1.45	4.77	314.92
1170	14	11	8	9	50	0	0		-1.46	4.78	314.92
1171	14	11	8	10	0	0	0		-1.48	4.78	314.86
1172	14	11	8	10	10	0	0		-1.48	4.77	314.84
1173	14	11	8	10	20	0	0		-1.47	4.77	314.85
1174	14	11	8	10	30	0	0		-1.46	4.77	314.86
1175	14	11	8	10	40	0	0		-1.46	4.77	314.85
1176	14	11	8	10	50	0	0		-1.46	4.78	314.84
1177	14	11	8	11	0	0	0		-1.48	4.78	314.81
1178	14	11	8	11	10	0	0		-1.48	4.78	314.81
1179	14	11	8	11	20	0	0		-1.47	4.77	314.82
1180	14	11	8	11	30	0	0		-1.45	4.77	314.86
1181	14	11	8	11	40	0	0		-1.45	4.77	314.84
1182	14	11	8	11	50	0	0		-1.46	4.78	314.83
1183	14	11	8	12	0	0	0		-1.47	4.77	314.77
1184	14	11	8	12	10	0	0		-1.47	4.77	314.75
1185	14	11	8	12	20	0	0		-1.46	4.77	314.77
1186	14	11	8	12	30	0	0		-1.45	4.77	314.81
1187	14	11	8	12	40	0	0		-1.46	4.76	314.8
1188	14	11	8	12	50	0	0		-1.47	4.76	314.8
1189	14	11	8	13	0	0	0		-1.47	4.77	314.73
1190	14	11	8	13	10	0	0		-1.48	4.76	314.74
1191	14	11	8	13	20	0	0		-1.47	4.76	314.78
1192	14	11	8	13	30	0	0		-1.45	4.76	314.81
1193	14	11	8	13	40	0	0		-1.45	4.76	314.84
1194	14	11	8	13	50	0	0		-1.47	4.76	314.83
1195	14	11	8	14	0	0	0		-1.46	4.76	314.78
1196	14	11	8	14	10	0	0		-1.46	4.77	314.76
1197	14	11	8	14	20	0	0		-1.45	4.75	314.82
1198	14	11	8	14	30	0	0		-1.44	4.75	314.86
1199	14	11	8	14	40	0	0		-1.44	4.76	314.86
1200	14	11	8	14	50	0	0		-1.45	4.76	314.89
1201	14	11	8	15	0	0	0		-1.45	4.76	314.82
1202	14	11	8	15	10	0	0		-1.46	4.75	314.8
1203	14	11	8	15	20	0	0		-1.44	4.75	314.87
1204	14	11	8	15	30	0	0		-1.44	4.75	314.87
1205	14	11	8	15	40	0	0		-1.43	4.75	314.88
1206	14	11	8	15	50	0	0		-1.45	4.75	314.89
1207	14	11	8	16	0	0	0		-1.46	4.75	314.82
1208	14	11	8	16	10	0	0		-1.46	4.76	314.81
1209	14	11	8	16	20	0	0		-1.45	4.76	314.83
1210	14	11	8	16	30	0	0		-1.44	4.75	314.87
1211	14	11	8	16	40	0	0		-1.44	4.75	314.86
1212	14	11	8	16	50	0	0		-1.44	4.76	314.85
1213	14	11	8	17	0	0	0		-1.46	4.76	314.78
1214	14	11	8	17	10	0	0		-1.46	4.76	314.76
1215	14	11	8	17	20	0	0		-1.45	4.75	314.81
1216	14	11	8	17	30	0	0		-1.44	4.76	314.84
1217	14	11	8	17	40	0	0		-1.44	4.75	314.83
1218	14	11	8	17	50	0	0		-1.45	4.76	314.83
1219	14	11	8	18	0	0	0		-1.46	4.76	314.76
1220	14	11	8	18	10	0	0		-1.47	4.76	314.75
1221	14	11	8	18	20	0	0		-1.44	4.76	314.81
1222	14	11	8	18	30	0	0		-1.43	4.75	314.84
1223	14	11	8	18	40	0	0		-1.44	4.75	314.85
1224	14	11	8	18	50	0	0		-1.45	4.76	314.86
1225	14	11	8	19	0	0	0		-1.46	4.76	314.82
1226	14	11	8	19	10	0	0		-1.46	4.75	314.79
1227	14	11	8	19	20	0	0		-1.46	4.75	314.85
1228	14	11	8	19	30	0	0		-1.44	4.75	314.87
1229	14	11	8	19	40	0	0		-1.45	4.75	314.87
1230	14	11	8	19	50	0	0		-1.45	4.76	314.88
1231	14	11	8	20	0	0	0		-1.47	4.76	314.82
1232	14	11	8	20	10	0	0		-1.47	4.76	314.8
1233	14	11	8	20	20	0	0		-1.46	4.76	314.84
1234	14	11	8	20	30	0	0		-1.44	4.76	314.86
1235	14	11	8	20	40	0	0		-1.44	4.76	314.87
1236	14	11	8	20	50	0	0		-1.46	4.76	314.87
1237	14	11	8	21	0	0	0		-1.47	4.77	314.8
1238	14	11	8	21	10	0	0		-1.47	4.78	314.79
1239	14	11	8	21	20	0	0		-1.46	4.78	314.83
1240	14	11	8	21	30	0	0		-1.44	4.77	314.86
1241	14	11	8	21	40	0	0		-1.45	4.77	314.85
1242	14	11	8	21	50	0	0		-1.45	4.77	314.85
1243	14	11	8	22	0	0	0		-1.47	4.77	314.79
1244	14	11	8	22	10	0	0		-1.46	4.77	314.78
1245	14	11	8	22	20	0	0		-1.46	4.77	314.81
1246	14	11	8	22	30	0	0		-1.44	4.77	314.85
1247	14	11	8	22	40	0	0		-1.45	4.77	314.85
1248	14	11	8	22	50	0	0		-1.46	4.77	314.84
1249	14	11	8	23	0	0	0		-1.47	4.77	314.79
1250	14	11	8	23	10	0	0		-1.47	4.77	314.76
1251	14	11	8	23	20	0	0		-1.46	4.77	314.82
1252	14	11	8	23	30	0	0		-1.44	4.77	314.83
1253	14	11	8	23	40	0	0		-1.45	4.77	314.83
1254	14	11	8	23	50	0	0		-1.46	4.77	314.84
1255	14	11	9	0	0	0	0		-1.46	4.77	314.78
1256	14	11	9	0	10	0	0		-1.47	4.78	314.78
1257	14	11	9	0	20	0	0		-1.45	4.76	314.82
1258	14	11	9	0	30	0	0		-1.45	4.77	314.86
1259	14	11	9	0	40	0	0		-1.45	4.77	314.85
1260	14	11	9	0	50	0	0		-1.46	4.77	314.86
1261	14	11	9	1	0	0	0		-1.47	4.78	314.8
1262	14	11	9	1	10	0	0		-1.48	4.77	314.78
1263	14	11	9	1	20	0	0		-1.47	4.78	314.84
1264	14	11	9	1	30	0	0		-1.45	4.77	314.87
1265	14	11	9	1	40	0	0		-1.46	4.78	314.86
1266	14	11	9	1	50	0	0		-1.47	4.78	314.85
1267	14	11	9	2	0	0	0		-1.47	4.78	314.8
1268	14	11	9	2	10	0	0		-1.48	4.78	314.8
1269	14	11	9	2	20	0	0		-1.46	4.77	314.84
1270	14	11	9	2	30	0	0		-1.45	4.78	314.87
1271	14	11	9	2	40	0	0		-1.44	4.78	314.86
1272	14	11	9	2	50	0	0		-1.46	4.78	314.87
1273	14	11	9	3	0	0	0		-1.46	4.78	314.81
1274	14	11	9	3	10	0	0		-1.47	4.77	314.79
1275	14	11	9	3	20	0	0		-1.46	4.77	314.86
1276	14	11	9	3	30	0	0		-1.44	4.76	314.87
1277	14	11	9	3	40	0	0		-1.45	4.77	314.88
1278	14	11	9	3	50	0	0		-1.46	4.78	314.88
1279	14	11	9	4	0	0	0		-1.46	4.78	314.82
1280	14	11	9	4	10	0	0		-1.46	4.77	314.8
1281	14	11	9	4	20	0	0		-1.46	4.77	314.84
1282	14	11	9	4	30	0	0		-1.45	4.77	314.87
1283	14	11	9	4	40	0	0		-1.45	4.77	314.86
1284	14	11	9	4	50	0	0		-1.46	4.78	314.86
1285	14	11	9	5	0	0	0		-1.47	4.78	314.8
1286	14	11	9	5	10	0	0		-1.48	4.78	314.78
1287	14	11	9	5	20	0	0		-1.46	4.78	314.83
1288	14	11	9	5	30	0	0		-1.44	4.77	314.86
1289	14	11	9	5	40	0	0		-1.46	4.78	314.86
1290	14	11	9	5	50	0	0		-1.46	4.78	314.87
1291	14	11	9	6	0	0	0		-1.47	4.78	314.82
1292	14	11	9	6	10	0	0		-1.48	4.78	314.78
1293	14	11	9	6	20	0	0		-1.47	4.78	314.83
1294	14	11	9	6	30	0	0		-1.45	4.78	314.87
1295	14	11	9	6	40	0	0		-1.45	4.78	314.87
1296	14	11	9	6	50	0	0		-1.46	4.77	314.87
1297	14	11	9	7	0	0	0		-1.47	4.78	314.81
1298	14	11	9	7	10	0	0		-1.47	4.78	314.8
1299	14	11	9	7	20	0	0		-1.46	4.78	314.84
1300	14	11	9	7	30	0	0		-1.44	4.77	314.88
1301	14	11	9	7	40	0	0		-1.45	4.77	314.88
1302	14	11	9	7	50	0	0		-1.46	4.78	314.88
1303	14	11	9	8	0	0	0		-1.48	4.77	314.81
1304	14	11	9	8	10	0	0		-1.48	4.78	314.79
1305	14	11	9	8	20	0	0		-1.47	4.78	314.86
1306	14	11	9	8	30	0	0		-1.46	4.78	314.88
1307	14	11	9	8	40	0	0		-1.46	4.78	314.89
