Series Data									
E:\WA2114\WA2114_000_000_CUR.PD0									
Broadband 614.4 kHz									
Pings/Ens =	180								
Time/Ping = 00:01.00									
First Ensemble Date = 14/10/31									
First Ensemble Time = 07:00:00.00									
Ensemble Interval (s) = 	600								
1st Bin Range (m) = 	2.12								
Bin Size (m) =	1								


Ens	YR	MO	DA	HH	MM	SS	HH		Dep
									m


1	14	10	31	7	0	0	0		0.003
2	14	10	31	7	10	0	0		0.001
3	14	10	31	7	20	0	0		0
4	14	10	31	7	30	0	0		0
5	14	10	31	7	40	0	0		0
6	14	10	31	7	50	0	0		0
7	14	10	31	8	0	0	0		0
8	14	10	31	8	10	0	0		0.002
9	14	10	31	8	20	0	0		0.01
10	14	10	31	8	30	0	0		0.011
11	14	10	31	8	40	0	0		0.023
12	14	10	31	8	50	0	0		0
13	14	10	31	9	0	0	0		0.01
14	14	10	31	9	10	0	0		0.012
15	14	10	31	9	20	0	0		0.033
16	14	10	31	9	30	0	0		0.064
17	14	10	31	9	40	0	0		0.083
18	14	10	31	9	50	0	0		0.1
19	14	10	31	10	0	0	0		0.114
20	14	10	31	10	10	0	0		0.093
21	14	10	31	10	20	0	0		0.108
22	14	10	31	10	30	0	0		0.125
23	14	10	31	10	40	0	0		0.133
24	14	10	31	10	50	0	0		0.095
25	14	10	31	11	0	0	0		0.077
26	14	10	31	11	10	0	0		0.077
27	14	10	31	11	20	0	0		0.088
28	14	10	31	11	30	0	0		0.079
29	14	10	31	11	40	0	0		0.097
30	14	10	31	11	50	0	0		0.087
31	14	10	31	12	0	0	0		0.081
32	14	10	31	12	10	0	0		0.089
33	14	10	31	12	20	0	0		0.079
34	14	10	31	12	30	0	0		0.08
35	14	10	31	12	40	0	0		0.069
36	14	10	31	12	50	0	0		0.09
37	14	10	31	13	0	0	0		0.073
38	14	10	31	13	10	0	0		0.06
39	14	10	31	13	20	0	0		0.056
40	14	10	31	13	30	0	0		0.059
41	14	10	31	13	40	0	0		0.063
42	14	10	31	13	50	0	0		0.064
43	14	10	31	14	0	0	0		0.062
44	14	10	31	14	10	0	0		0.068
45	14	10	31	14	20	0	0		0.07
46	14	10	31	14	30	0	0		0.053
47	14	10	31	14	40	0	0		0.056
48	14	10	31	14	50	0	0		0.068
49	14	10	31	15	0	0	0		0.053
50	14	10	31	15	10	0	0		0.071
51	14	10	31	15	20	0	0		0.075
52	14	10	31	15	30	0	0		0.078
53	14	10	31	15	40	0	0		0.082
54	14	10	31	15	50	0	0		0.087
55	14	10	31	16	0	0	0		0.091
56	14	10	31	16	10	0	0		0.093
57	14	10	31	16	20	0	0		0.092
58	14	10	31	16	30	0	0		0.089
59	14	10	31	16	40	0	0		0.08
60	14	10	31	16	50	0	0		0.073
61	14	10	31	17	0	0	0		0.091
62	14	10	31	17	10	0	0		0.078
63	14	10	31	17	20	0	0		0.075
64	14	10	31	17	30	0	0		0.059
65	14	10	31	17	40	0	0		0.057
66	14	10	31	17	50	0	0		0.079
67	14	10	31	18	0	0	0		0.077
68	14	10	31	18	10	0	0		0.066
69	14	10	31	18	20	0	0		0.066
70	14	10	31	18	30	0	0		0.082
71	14	10	31	18	40	0	0		0.084
72	14	10	31	18	50	0	0		0.063
73	14	10	31	19	0	0	0		0.072
74	14	10	31	19	10	0	0		0.069
75	14	10	31	19	20	0	0		0.071
76	14	10	31	19	30	0	0		0.083
77	14	10	31	19	40	0	0		0.084
78	14	10	31	19	50	0	0		0.075
79	14	10	31	20	0	0	0		0.095
80	14	10	31	20	10	0	0		0.099
81	14	10	31	20	20	0	0		0.087
82	14	10	31	20	30	0	0		0.082
83	14	10	31	20	40	0	0		0.081
84	14	10	31	20	50	0	0		0.095
85	14	10	31	21	0	0	0		0.1
86	14	10	31	21	10	0	0		0.098
87	14	10	31	21	20	0	0		0.091
88	14	10	31	21	30	0	0		0.1
89	14	10	31	21	40	0	0		0.104
90	14	10	31	21	50	0	0		0.109
91	14	10	31	22	0	0	0		0.062
92	14	10	31	22	10	0	0		0.069
93	14	10	31	22	20	0	0		0.092
94	14	10	31	22	30	0	0		0.11
95	14	10	31	22	40	0	0		0.125
96	14	10	31	22	50	0	0		0.12
97	14	10	31	23	0	0	0		0.118
98	14	10	31	23	10	0	0		0.121
99	14	10	31	23	20	0	0		0.125
100	14	10	31	23	30	0	0		0.12
101	14	10	31	23	40	0	0		0.118
102	14	10	31	23	50	0	0		0.108
103	14	11	1	0	0	0	0		0.097
104	14	11	1	0	10	0	0		0.085
105	14	11	1	0	20	0	0		0.085
106	14	11	1	0	30	0	0		0.077
107	14	11	1	0	40	0	0		0.097
108	14	11	1	0	50	0	0		0.089
109	14	11	1	1	0	0	0		0.083
110	14	11	1	1	10	0	0		0.083
111	14	11	1	1	20	0	0		0.081
112	14	11	1	1	30	0	0		0.081
113	14	11	1	1	40	0	0		0.089
114	14	11	1	1	50	0	0		0.096
115	14	11	1	2	0	0	0		0.092
116	14	11	1	2	10	0	0		0.094
117	14	11	1	2	20	0	0		0.091
118	14	11	1	2	30	0	0		0.091
119	14	11	1	2	40	0	0		0.069
120	14	11	1	2	50	0	0		0.066
121	14	11	1	3	0	0	0		0.07
122	14	11	1	3	10	0	0		0.076
123	14	11	1	3	20	0	0		0.068
124	14	11	1	3	30	0	0		0.077
125	14	11	1	3	40	0	0		0.083
126	14	11	1	3	50	0	0		0.089
127	14	11	1	4	0	0	0		0.084
128	14	11	1	4	10	0	0		0.082
129	14	11	1	4	20	0	0		0.083
130	14	11	1	4	30	0	0		0.081
131	14	11	1	4	40	0	0		0.078
132	14	11	1	4	50	0	0		0.071
133	14	11	1	5	0	0	0		0.066
134	14	11	1	5	10	0	0		0.058
135	14	11	1	5	20	0	0		0.045
136	14	11	1	5	30	0	0		0.051
137	14	11	1	5	40	0	0		0.048
138	14	11	1	5	50	0	0		0.049
139	14	11	1	6	0	0	0		0.032
140	14	11	1	6	10	0	0		0.041
141	14	11	1	6	20	0	0		0.03
142	14	11	1	6	30	0	0		0.021
143	14	11	1	6	40	0	0		0.038
144	14	11	1	6	50	0	0		0.022
145	14	11	1	7	0	0	0		0.03
146	14	11	1	7	10	0	0		0.046
147	14	11	1	7	20	0	0		0.048
148	14	11	1	7	30	0	0		0.085
149	14	11	1	7	40	0	0		0.102
150	14	11	1	7	50	0	0		0.09
151	14	11	1	8	0	0	0		0.089
152	14	11	1	8	10	0	0		0.098
153	14	11	1	8	20	0	0		0.086
154	14	11	1	8	30	0	0		0.095
155	14	11	1	8	40	0	0		0.085
156	14	11	1	8	50	0	0		0.135
157	14	11	1	9	0	0	0		0.112
158	14	11	1	9	10	0	0		0.154
159	14	11	1	9	20	0	0		0.14
160	14	11	1	9	30	0	0		0.148
161	14	11	1	9	40	0	0		0.13
162	14	11	1	9	50	0	0		0.094
163	14	11	1	10	0	0	0		0.094
164	14	11	1	10	10	0	0		0.088
165	14	11	1	10	20	0	0		0.086
166	14	11	1	10	30	0	0		0.094
167	14	11	1	10	40	0	0		0.101
168	14	11	1	10	50	0	0		0.091
169	14	11	1	11	0	0	0		0.093
170	14	11	1	11	10	0	0		0.086
171	14	11	1	11	20	0	0		0.073
172	14	11	1	11	30	0	0		22.872
173	14	11	1	11	40	0	0		25.432								
174	14	11	1	11	50	0	0		28.611
175	14	11	1	12	0	0	0		28.581
176	14	11	1	12	10	0	0		28.559
177	14	11	1	12	20	0	0		28.525
178	14	11	1	12	30	0	0		28.49
179	14	11	1	12	40	0	0		28.481
180	14	11	1	12	50	0	0		28.445
181	14	11	1	13	0	0	0		28.414
182	14	11	1	13	10	0	0		28.36
183	14	11	1	13	20	0	0		28.33
184	14	11	1	13	30	0	0		28.271
185	14	11	1	13	40	0	0		28.234
186	14	11	1	13	50	0	0		28.173
187	14	11	1	14	0	0	0		28.128
188	14	11	1	14	10	0	0		28.063
189	14	11	1	14	20	0	0		28.02
190	14	11	1	14	30	0	0		27.968
191	14	11	1	14	40	0	0		27.912
192	14	11	1	14	50	0	0		27.86
193	14	11	1	15	0	0	0		27.802
194	14	11	1	15	10	0	0		27.749
195	14	11	1	15	20	0	0		27.711
196	14	11	1	15	30	0	0		27.67
197	14	11	1	15	40	0	0		27.631
198	14	11	1	15	50	0	0		27.58
199	14	11	1	16	0	0	0		27.537
200	14	11	1	16	10	0	0		27.519
201	14	11	1	16	20	0	0		27.482
202	14	11	1	16	30	0	0		27.458
203	14	11	1	16	40	0	0		27.442
204	14	11	1	16	50	0	0		27.41
205	14	11	1	17	0	0	0		27.395
206	14	11	1	17	10	0	0		27.38
207	14	11	1	17	20	0	0		27.379
208	14	11	1	17	30	0	0		27.39
209	14	11	1	17	40	0	0		27.389
210	14	11	1	17	50	0	0		27.388
211	14	11	1	18	0	0	0		27.407
212	14	11	1	18	10	0	0		27.423
213	14	11	1	18	20	0	0		27.447
214	14	11	1	18	30	0	0		27.476
215	14	11	1	18	40	0	0		27.503
216	14	11	1	18	50	0	0		27.545
217	14	11	1	19	0	0	0		27.58
218	14	11	1	19	10	0	0		27.634
219	14	11	1	19	20	0	0		27.668
220	14	11	1	19	30	0	0		27.719
221	14	11	1	19	40	0	0		27.78
222	14	11	1	19	50	0	0		27.822
223	14	11	1	20	0	0	0		27.885
224	14	11	1	20	10	0	0		27.948
225	14	11	1	20	20	0	0		28.01
226	14	11	1	20	30	0	0		28.075
227	14	11	1	20	40	0	0		28.144
228	14	11	1	20	50	0	0		28.212
229	14	11	1	21	0	0	0		28.27
230	14	11	1	21	10	0	0		28.347
231	14	11	1	21	20	0	0		28.392
232	14	11	1	21	30	0	0		28.446
233	14	11	1	21	40	0	0		28.494
234	14	11	1	21	50	0	0		28.562
235	14	11	1	22	0	0	0		28.595
236	14	11	1	22	10	0	0		28.639
237	14	11	1	22	20	0	0		28.683
238	14	11	1	22	30	0	0		28.715
239	14	11	1	22	40	0	0		28.751
240	14	11	1	22	50	0	0		28.775
241	14	11	1	23	0	0	0		28.801
242	14	11	1	23	10	0	0		28.81
243	14	11	1	23	20	0	0		28.818
244	14	11	1	23	30	0	0		28.821
245	14	11	1	23	40	0	0		28.812
246	14	11	1	23	50	0	0		28.798
247	14	11	2	0	0	0	0		28.777
248	14	11	2	0	10	0	0		28.762
249	14	11	2	0	20	0	0		28.74
250	14	11	2	0	30	0	0		28.71
251	14	11	2	0	40	0	0		28.676
252	14	11	2	0	50	0	0		28.623
253	14	11	2	1	0	0	0		28.584
254	14	11	2	1	10	0	0		28.533
255	14	11	2	1	20	0	0		28.471
256	14	11	2	1	30	0	0		28.434
257	14	11	2	1	40	0	0		28.372
258	14	11	2	1	50	0	0		28.312
259	14	11	2	2	0	0	0		28.236
260	14	11	2	2	10	0	0		28.195
261	14	11	2	2	20	0	0		28.123
262	14	11	2	2	30	0	0		28.053
263	14	11	2	2	40	0	0		27.976
264	14	11	2	2	50	0	0		27.906
265	14	11	2	3	0	0	0		27.85
266	14	11	2	3	10	0	0		27.788
267	14	11	2	3	20	0	0		27.743
268	14	11	2	3	30	0	0		27.692
269	14	11	2	3	40	0	0		27.62
270	14	11	2	3	50	0	0		27.573
271	14	11	2	4	0	0	0		27.517
272	14	11	2	4	10	0	0		27.466
273	14	11	2	4	20	0	0		27.423
274	14	11	2	4	30	0	0		27.366
275	14	11	2	4	40	0	0		27.327
276	14	11	2	4	50	0	0		27.286
277	14	11	2	5	0	0	0		27.249
278	14	11	2	5	10	0	0		27.224
279	14	11	2	5	20	0	0		27.212
280	14	11	2	5	30	0	0		27.199
281	14	11	2	5	40	0	0		27.188
282	14	11	2	5	50	0	0		27.169
283	14	11	2	6	0	0	0		27.185
284	14	11	2	6	10	0	0		27.185
285	14	11	2	6	20	0	0		27.186
286	14	11	2	6	30	0	0		27.203
287	14	11	2	6	40	0	0		27.212
288	14	11	2	6	50	0	0		27.263
289	14	11	2	7	0	0	0		27.28
290	14	11	2	7	10	0	0		27.315
291	14	11	2	7	20	0	0		27.336
292	14	11	2	7	30	0	0		27.384
293	14	11	2	7	40	0	0		27.434
294	14	11	2	7	50	0	0		27.482
295	14	11	2	8	0	0	0		27.539
296	14	11	2	8	10	0	0		27.587
297	14	11	2	8	20	0	0		27.643
298	14	11	2	8	30	0	0		27.71
299	14	11	2	8	40	0	0		27.769
300	14	11	2	8	50	0	0		27.821
301	14	11	2	9	0	0	0		27.883
302	14	11	2	9	10	0	0		27.953
303	14	11	2	9	20	0	0		28.028
304	14	11	2	9	30	0	0		28.087
305	14	11	2	9	40	0	0		28.148
306	14	11	2	9	50	0	0		28.227
307	14	11	2	10	0	0	0		28.297
308	14	11	2	10	10	0	0		28.355
309	14	11	2	10	20	0	0		28.418
310	14	11	2	10	30	0	0		28.463
311	14	11	2	10	40	0	0		28.547
312	14	11	2	10	50	0	0		28.59
313	14	11	2	11	0	0	0		28.633
314	14	11	2	11	10	0	0		28.678
315	14	11	2	11	20	0	0		28.702
316	14	11	2	11	30	0	0		28.74
317	14	11	2	11	40	0	0		28.771
318	14	11	2	11	50	0	0		28.788
319	14	11	2	12	0	0	0		28.804
320	14	11	2	12	10	0	0		28.811
321	14	11	2	12	20	0	0		28.806
322	14	11	2	12	30	0	0		28.803
323	14	11	2	12	40	0	0		28.794
324	14	11	2	12	50	0	0		28.776
325	14	11	2	13	0	0	0		28.758
326	14	11	2	13	10	0	0		28.742
327	14	11	2	13	20	0	0		28.7
328	14	11	2	13	30	0	0		28.666
329	14	11	2	13	40	0	0		28.623
330	14	11	2	13	50	0	0		28.578
331	14	11	2	14	0	0	0		28.532
332	14	11	2	14	10	0	0		28.475
333	14	11	2	14	20	0	0		28.415
334	14	11	2	14	30	0	0		28.358
335	14	11	2	14	40	0	0		28.288
336	14	11	2	14	50	0	0		28.213
337	14	11	2	15	0	0	0		28.153
338	14	11	2	15	10	0	0		28.064
339	14	11	2	15	20	0	0		27.994
340	14	11	2	15	30	0	0		27.937
341	14	11	2	15	40	0	0		27.868
342	14	11	2	15	50	0	0		27.803
343	14	11	2	16	0	0	0		27.742
344	14	11	2	16	10	0	0		27.674
345	14	11	2	16	20	0	0		27.611
346	14	11	2	16	30	0	0		27.537
347	14	11	2	16	40	0	0		27.502
348	14	11	2	16	50	0	0		27.445
349	14	11	2	17	0	0	0		27.394
350	14	11	2	17	10	0	0		27.349
351	14	11	2	17	20	0	0		27.321
352	14	11	2	17	30	0	0		27.287
353	14	11	2	17	40	0	0		27.25
354	14	11	2	17	50	0	0		27.236
355	14	11	2	18	0	0	0		27.217
356	14	11	2	18	10	0	0		27.219
357	14	11	2	18	20	0	0		27.208
358	14	11	2	18	30	0	0		27.208
359	14	11	2	18	40	0	0		27.206
360	14	11	2	18	50	0	0		27.215
361	14	11	2	19	0	0	0		27.232
362	14	11	2	19	10	0	0		27.254
363	14	11	2	19	20	0	0		27.28
364	14	11	2	19	30	0	0		27.327
365	14	11	2	19	40	0	0		27.373
366	14	11	2	19	50	0	0		27.417
367	14	11	2	20	0	0	0		27.473
368	14	11	2	20	10	0	0		27.528
369	14	11	2	20	20	0	0		27.582
370	14	11	2	20	30	0	0		27.645
371	14	11	2	20	40	0	0		27.703
372	14	11	2	20	50	0	0		27.769
373	14	11	2	21	0	0	0		27.828
374	14	11	2	21	10	0	0		27.905
375	14	11	2	21	20	0	0		27.984
376	14	11	2	21	30	0	0		28.056
377	14	11	2	21	40	0	0		28.139
378	14	11	2	21	50	0	0		28.212
379	14	11	2	22	0	0	0		28.272
380	14	11	2	22	10	0	0		28.353
381	14	11	2	22	20	0	0		28.431
382	14	11	2	22	30	0	0		28.491
383	14	11	2	22	40	0	0		28.555
384	14	11	2	22	50	0	0		28.631
385	14	11	2	23	0	0	0		28.684
386	14	11	2	23	10	0	0		28.734
387	14	11	2	23	20	0	0		28.784
388	14	11	2	23	30	0	0		28.822
389	14	11	2	23	40	0	0		28.869
390	14	11	2	23	50	0	0		28.893
391	14	11	3	0	0	0	0		28.915
392	14	11	3	0	10	0	0		28.947
393	14	11	3	0	20	0	0		28.945
394	14	11	3	0	30	0	0		28.928
395	14	11	3	0	40	0	0		28.94
396	14	11	3	0	50	0	0		28.93
397	14	11	3	1	0	0	0		28.909
398	14	11	3	1	10	0	0		28.889
399	14	11	3	1	20	0	0		28.864
400	14	11	3	1	30	0	0		28.821
401	14	11	3	1	40	0	0		28.773
402	14	11	3	1	50	0	0		28.726
403	14	11	3	2	0	0	0		28.676
404	14	11	3	2	10	0	0		28.617
405	14	11	3	2	20	0	0		28.555
406	14	11	3	2	30	0	0		28.498
407	14	11	3	2	40	0	0		28.433
408	14	11	3	2	50	0	0		28.361
409	14	11	3	3	0	0	0		28.283
410	14	11	3	3	10	0	0		28.214
411	14	11	3	3	20	0	0		28.141
412	14	11	3	3	30	0	0		28.06
413	14	11	3	3	40	0	0		27.993
414	14	11	3	3	50	0	0		27.905
415	14	11	3	4	0	0	0		27.829
416	14	11	3	4	10	0	0		27.758
417	14	11	3	4	20	0	0		27.678
418	14	11	3	4	30	0	0		27.608
419	14	11	3	4	40	0	0		27.547
420	14	11	3	4	50	0	0		27.475
421	14	11	3	5	0	0	0		27.417
422	14	11	3	5	10	0	0		27.361
423	14	11	3	5	20	0	0		27.303
424	14	11	3	5	30	0	0		27.256
425	14	11	3	5	40	0	0		27.216
426	14	11	3	5	50	0	0		27.171
427	14	11	3	6	0	0	0		27.138
428	14	11	3	6	10	0	0		27.114
429	14	11	3	6	20	0	0		27.093
430	14	11	3	6	30	0	0		27.074
431	14	11	3	6	40	0	0		27.058
432	14	11	3	6	50	0	0		27.047
433	14	11	3	7	0	0	0		27.034
434	14	11	3	7	10	0	0		27.065
435	14	11	3	7	20	0	0		27.065
436	14	11	3	7	30	0	0		27.084
437	14	11	3	7	40	0	0		27.108
438	14	11	3	7	50	0	0		27.136
439	14	11	3	8	0	0	0		27.176
440	14	11	3	8	10	0	0		27.213
441	14	11	3	8	20	0	0		27.251
442	14	11	3	8	30	0	0		27.301
443	14	11	3	8	40	0	0		27.363
444	14	11	3	8	50	0	0		27.421
445	14	11	3	9	0	0	0		27.493
446	14	11	3	9	10	0	0		27.56
447	14	11	3	9	20	0	0		27.621
448	14	11	3	9	30	0	0		27.697
449	14	11	3	9	40	0	0		27.76
450	14	11	3	9	50	0	0		27.834
451	14	11	3	10	0	0	0		27.904
452	14	11	3	10	10	0	0		27.988
453	14	11	3	10	20	0	0		28.066
454	14	11	3	10	30	0	0		28.138
455	14	11	3	10	40	0	0		28.236
456	14	11	3	10	50	0	0		28.304
457	14	11	3	11	0	0	0		28.382
458	14	11	3	11	10	0	0		28.452
459	14	11	3	11	20	0	0		28.526
460	14	11	3	11	30	0	0		28.599
461	14	11	3	11	40	0	0		28.66
462	14	11	3	11	50	0	0		28.721
463	14	11	3	12	0	0	0		28.761
464	14	11	3	12	10	0	0		28.808
465	14	11	3	12	20	0	0		28.86
466	14	11	3	12	30	0	0		28.885
467	14	11	3	12	40	0	0		28.924
468	14	11	3	12	50	0	0		28.937
469	14	11	3	13	0	0	0		28.944
470	14	11	3	13	10	0	0		28.948
471	14	11	3	13	20	0	0		28.944
472	14	11	3	13	30	0	0		28.942
473	14	11	3	13	40	0	0		28.92
474	14	11	3	13	50	0	0		28.901
475	14	11	3	14	0	0	0		28.867
476	14	11	3	14	10	0	0		28.831
477	14	11	3	14	20	0	0		28.785
478	14	11	3	14	30	0	0		28.728
479	14	11	3	14	40	0	0		28.674
480	14	11	3	14	50	0	0		28.618
481	14	11	3	15	0	0	0		28.556
482	14	11	3	15	10	0	0		28.472
483	14	11	3	15	20	0	0		28.402
484	14	11	3	15	30	0	0		28.32
485	14	11	3	15	40	0	0		28.24
486	14	11	3	15	50	0	0		28.153
487	14	11	3	16	0	0	0		28.084
488	14	11	3	16	10	0	0		28.003
489	14	11	3	16	20	0	0		27.912
490	14	11	3	16	30	0	0		27.835
491	14	11	3	16	40	0	0		27.75
492	14	11	3	16	50	0	0		27.676
493	14	11	3	17	0	0	0		27.611
494	14	11	3	17	10	0	0		27.524
495	14	11	3	17	20	0	0		27.461
496	14	11	3	17	30	0	0		27.396
497	14	11	3	17	40	0	0		27.342
498	14	11	3	17	50	0	0		27.29
499	14	11	3	18	0	0	0		27.242
500	14	11	3	18	10	0	0		27.202
501	14	11	3	18	20	0	0		27.177
502	14	11	3	18	30	0	0		27.137
503	14	11	3	18	40	0	0		27.116
504	14	11	3	18	50	0	0		27.091
505	14	11	3	19	0	0	0		27.076
506	14	11	3	19	10	0	0		27.063
507	14	11	3	19	20	0	0		27.063
508	14	11	3	19	30	0	0		27.073
509	14	11	3	19	40	0	0		27.081
510	14	11	3	19	50	0	0		27.094
511	14	11	3	20	0	0	0		27.129
512	14	11	3	20	10	0	0		27.162
513	14	11	3	20	20	0	0		27.201
514	14	11	3	20	30	0	0		27.238
515	14	11	3	20	40	0	0		27.297
516	14	11	3	20	50	0	0		27.363
517	14	11	3	21	0	0	0		27.418
518	14	11	3	21	10	0	0		27.48
519	14	11	3	21	20	0	0		27.549
520	14	11	3	21	30	0	0		27.63
521	14	11	3	21	40	0	0		27.701
522	14	11	3	21	50	0	0		27.77
523	14	11	3	22	0	0	0		27.845
524	14	11	3	22	10	0	0		27.93
525	14	11	3	22	20	0	0		28.024
526	14	11	3	22	30	0	0		28.105
527	14	11	3	22	40	0	0		28.189
528	14	11	3	22	50	0	0		28.275
529	14	11	3	23	0	0	0		28.357
530	14	11	3	23	10	0	0		28.434
531	14	11	3	23	20	0	0		28.53
532	14	11	3	23	30	0	0		28.611
533	14	11	3	23	40	0	0		28.678
534	14	11	3	23	50	0	0		28.749
535	14	11	4	0	0	0	0		28.824
536	14	11	4	0	10	0	0		28.877
537	14	11	4	0	20	0	0		28.923
538	14	11	4	0	30	0	0		28.981
539	14	11	4	0	40	0	0		29.01
540	14	11	4	0	50	0	0		29.041
541	14	11	4	1	0	0	0		29.074
542	14	11	4	1	10	0	0		29.089
543	14	11	4	1	20	0	0		29.093
544	14	11	4	1	30	0	0		29.089
545	14	11	4	1	40	0	0		29.096
546	14	11	4	1	50	0	0		29.075
547	14	11	4	2	0	0	0		29.06
548	14	11	4	2	10	0	0		29.019
549	14	11	4	2	20	0	0		28.981
550	14	11	4	2	30	0	0		28.941
551	14	11	4	2	40	0	0		28.872
552	14	11	4	2	50	0	0		28.822
553	14	11	4	3	0	0	0		28.758
554	14	11	4	3	10	0	0		28.694
555	14	11	4	3	20	0	0		28.612
556	14	11	4	3	30	0	0		28.549
557	14	11	4	3	40	0	0		28.461
558	14	11	4	3	50	0	0		28.38
559	14	11	4	4	0	0	0		28.286
560	14	11	4	4	10	0	0		28.204
561	14	11	4	4	20	0	0		28.101
562	14	11	4	4	30	0	0		27.995
563	14	11	4	4	40	0	0		27.902
564	14	11	4	4	50	0	0		27.814
565	14	11	4	5	0	0	0		27.74
566	14	11	4	5	10	0	0		27.652
567	14	11	4	5	20	0	0		27.579
568	14	11	4	5	30	0	0		27.504
569	14	11	4	5	40	0	0		27.431
570	14	11	4	5	50	0	0		27.359
571	14	11	4	6	0	0	0		27.282
572	14	11	4	6	10	0	0		27.236
573	14	11	4	6	20	0	0		27.175
574	14	11	4	6	30	0	0		27.122
575	14	11	4	6	40	0	0		27.08
576	14	11	4	6	50	0	0		27.046
577	14	11	4	7	0	0	0		27.016
578	14	11	4	7	10	0	0		26.985
579	14	11	4	7	20	0	0		26.969
580	14	11	4	7	30	0	0		26.961
581	14	11	4	7	40	0	0		26.957
582	14	11	4	7	50	0	0		26.939
583	14	11	4	8	0	0	0		26.955
584	14	11	4	8	10	0	0		26.966
585	14	11	4	8	20	0	0		26.996
586	14	11	4	8	30	0	0		27.02
587	14	11	4	8	40	0	0		27.058
588	14	11	4	8	50	0	0		27.083
589	14	11	4	9	0	0	0		27.138
590	14	11	4	9	10	0	0		27.192
591	14	11	4	9	20	0	0		27.246
592	14	11	4	9	30	0	0		27.309
593	14	11	4	9	40	0	0		27.392
594	14	11	4	9	50	0	0		27.449
595	14	11	4	10	0	0	0		27.53
596	14	11	4	10	10	0	0		27.603
597	14	11	4	10	20	0	0		27.678
598	14	11	4	10	30	0	0		27.764
599	14	11	4	10	40	0	0		27.85
600	14	11	4	10	50	0	0		27.943
601	14	11	4	11	0	0	0		28.023
602	14	11	4	11	10	0	0		28.112
603	14	11	4	11	20	0	0		28.193
604	14	11	4	11	30	0	0		28.274
605	14	11	4	11	40	0	0		28.361
606	14	11	4	11	50	0	0		28.448
607	14	11	4	12	0	0	0		28.544
608	14	11	4	12	10	0	0		28.627
609	14	11	4	12	20	0	0		28.699
610	14	11	4	12	30	0	0		28.765
611	14	11	4	12	40	0	0		28.826
612	14	11	4	12	50	0	0		28.874
613	14	11	4	13	0	0	0		28.92
614	14	11	4	13	10	0	0		28.967
615	14	11	4	13	20	0	0		29.004
616	14	11	4	13	30	0	0		29.035
617	14	11	4	13	40	0	0		29.049
618	14	11	4	13	50	0	0		29.06
619	14	11	4	14	0	0	0		29.066
620	14	11	4	14	10	0	0		29.057
621	14	11	4	14	20	0	0		29.043
622	14	11	4	14	30	0	0		29.018
623	14	11	4	14	40	0	0		28.986
624	14	11	4	14	50	0	0		28.954
625	14	11	4	15	0	0	0		28.914
626	14	11	4	15	10	0	0		28.852
627	14	11	4	15	20	0	0		28.796
628	14	11	4	15	30	0	0		28.72
629	14	11	4	15	40	0	0		28.645
630	14	11	4	15	50	0	0		28.566
631	14	11	4	16	0	0	0		28.479
632	14	11	4	16	10	0	0		28.398
633	14	11	4	16	20	0	0		28.311
634	14	11	4	16	30	0	0		28.214
635	14	11	4	16	40	0	0		28.127
636	14	11	4	16	50	0	0		28.04
637	14	11	4	17	0	0	0		27.937
638	14	11	4	17	10	0	0		27.845
639	14	11	4	17	20	0	0		27.76
640	14	11	4	17	30	0	0		27.684
641	14	11	4	17	40	0	0		27.605
642	14	11	4	17	50	0	0		27.517
643	14	11	4	18	0	0	0		27.438
644	14	11	4	18	10	0	0		27.366
645	14	11	4	18	20	0	0		27.299
646	14	11	4	18	30	0	0		27.24
647	14	11	4	18	40	0	0		27.193
648	14	11	4	18	50	0	0		27.129
649	14	11	4	19	0	0	0		27.088
650	14	11	4	19	10	0	0		27.05
651	14	11	4	19	20	0	0		27.015
652	14	11	4	19	30	0	0		26.992
653	14	11	4	19	40	0	0		26.973
654	14	11	4	19	50	0	0		26.964
655	14	11	4	20	0	0	0		26.957
656	14	11	4	20	10	0	0		26.955
657	14	11	4	20	20	0	0		26.972
658	14	11	4	20	30	0	0		26.993
659	14	11	4	20	40	0	0		27.016
660	14	11	4	20	50	0	0		27.054
661	14	11	4	21	0	0	0		27.086
662	14	11	4	21	10	0	0		27.142
663	14	11	4	21	20	0	0		27.191
664	14	11	4	21	30	0	0		27.245
665	14	11	4	21	40	0	0		27.31
666	14	11	4	21	50	0	0		27.388
667	14	11	4	22	0	0	0		27.457
668	14	11	4	22	10	0	0		27.522
669	14	11	4	22	20	0	0		27.606
670	14	11	4	22	30	0	0		27.688
671	14	11	4	22	40	0	0		27.763
672	14	11	4	22	50	0	0		27.852
673	14	11	4	23	0	0	0		27.941
674	14	11	4	23	10	0	0		28.035
675	14	11	4	23	20	0	0		28.128
676	14	11	4	23	30	0	0		28.223
677	14	11	4	23	40	0	0		28.308
678	14	11	4	23	50	0	0		28.411
679	14	11	5	0	0	0	0		28.501
680	14	11	5	0	10	0	0		28.592
681	14	11	5	0	20	0	0		28.685
682	14	11	5	0	30	0	0		28.758
683	14	11	5	0	40	0	0		28.836
684	14	11	5	0	50	0	0		28.903
685	14	11	5	1	0	0	0		28.958
686	14	11	5	1	10	0	0		29.009
687	14	11	5	1	20	0	0		29.063
688	14	11	5	1	30	0	0		29.101
689	14	11	5	1	40	0	0		29.126
690	14	11	5	1	50	0	0		29.17
691	14	11	5	2	0	0	0		29.183
692	14	11	5	2	10	0	0		29.202
693	14	11	5	2	20	0	0		29.197
694	14	11	5	2	30	0	0		29.18
695	14	11	5	2	40	0	0		29.163
696	14	11	5	2	50	0	0		29.144
697	14	11	5	3	0	0	0		29.113
698	14	11	5	3	10	0	0		29.063
699	14	11	5	3	20	0	0		29.018
700	14	11	5	3	30	0	0		28.956
701	14	11	5	3	40	0	0		28.889
702	14	11	5	3	50	0	0		28.82
703	14	11	5	4	0	0	0		28.742
704	14	11	5	4	10	0	0		28.671
705	14	11	5	4	20	0	0		28.581
706	14	11	5	4	30	0	0		28.482
707	14	11	5	4	40	0	0		28.395
708	14	11	5	4	50	0	0		28.281
709	14	11	5	5	0	0	0		28.179
710	14	11	5	5	10	0	0		28.081
711	14	11	5	5	20	0	0		27.994
712	14	11	5	5	30	0	0		27.899
713	14	11	5	5	40	0	0		27.799
714	14	11	5	5	50	0	0		27.714
715	14	11	5	6	0	0	0		27.617
716	14	11	5	6	10	0	0		27.531
717	14	11	5	6	20	0	0		27.462
718	14	11	5	6	30	0	0		27.377
719	14	11	5	6	40	0	0		27.311
720	14	11	5	6	50	0	0		27.249
721	14	11	5	7	0	0	0		27.188
722	14	11	5	7	10	0	0		27.125
723	14	11	5	7	20	0	0		27.074
724	14	11	5	7	30	0	0		27.04
725	14	11	5	7	40	0	0		26.996
726	14	11	5	7	50	0	0		26.968
727	14	11	5	8	0	0	0		26.942
728	14	11	5	8	10	0	0		26.925
729	14	11	5	8	20	0	0		26.924
730	14	11	5	8	30	0	0		26.912
731	14	11	5	8	40	0	0		26.91
732	14	11	5	8	50	0	0		26.936
733	14	11	5	9	0	0	0		26.953
734	14	11	5	9	10	0	0		26.977
735	14	11	5	9	20	0	0		27.015
736	14	11	5	9	30	0	0		27.055
737	14	11	5	9	40	0	0		27.112
738	14	11	5	9	50	0	0		27.157
739	14	11	5	10	0	0	0		27.205
740	14	11	5	10	10	0	0		27.282
741	14	11	5	10	20	0	0		27.349
742	14	11	5	10	30	0	0		27.43
743	14	11	5	10	40	0	0		27.506
744	14	11	5	10	50	0	0		27.593
745	14	11	5	11	0	0	0		27.667
746	14	11	5	11	10	0	0		27.759
747	14	11	5	11	20	0	0		27.854
748	14	11	5	11	30	0	0		27.943
749	14	11	5	11	40	0	0		28.025
750	14	11	5	11	50	0	0		28.112
751	14	11	5	12	0	0	0		28.204
752	14	11	5	12	10	0	0		28.294
753	14	11	5	12	20	0	0		28.384
754	14	11	5	12	30	0	0		28.464
755	14	11	5	12	40	0	0		28.561
756	14	11	5	12	50	0	0		28.648
757	14	11	5	13	0	0	0		28.722
758	14	11	5	13	10	0	0		28.803
759	14	11	5	13	20	0	0		28.87
760	14	11	5	13	30	0	0		28.922
761	14	11	5	13	40	0	0		28.981
762	14	11	5	13	50	0	0		29.046
763	14	11	5	14	0	0	0		29.081
764	14	11	5	14	10	0	0		29.111
765	14	11	5	14	20	0	0		29.141
766	14	11	5	14	30	0	0		29.157
767	14	11	5	14	40	0	0		29.153
768	14	11	5	14	50	0	0		29.148
769	14	11	5	15	0	0	0		29.14
770	14	11	5	15	10	0	0		29.119
771	14	11	5	15	20	0	0		29.088
772	14	11	5	15	30	0	0		29.045
773	14	11	5	15	40	0	0		29.008
774	14	11	5	15	50	0	0		28.946
775	14	11	5	16	0	0	0		28.888
776	14	11	5	16	10	0	0		28.819
777	14	11	5	16	20	0	0		28.74
778	14	11	5	16	30	0	0		28.652
779	14	11	5	16	40	0	0		28.554
780	14	11	5	16	50	0	0		28.466
781	14	11	5	17	0	0	0		28.387
782	14	11	5	17	10	0	0		28.278
783	14	11	5	17	20	0	0		28.175
784	14	11	5	17	30	0	0		28.071
785	14	11	5	17	40	0	0		27.979
786	14	11	5	17	50	0	0		27.877
787	14	11	5	18	0	0	0		27.781
788	14	11	5	18	10	0	0		27.693
789	14	11	5	18	20	0	0		27.604
790	14	11	5	18	30	0	0		27.515
791	14	11	5	18	40	0	0		27.442
792	14	11	5	18	50	0	0		27.357
793	14	11	5	19	0	0	0		27.281
794	14	11	5	19	10	0	0		27.219
795	14	11	5	19	20	0	0		27.146
796	14	11	5	19	30	0	0		27.1
797	14	11	5	19	40	0	0		27.05
798	14	11	5	19	50	0	0		27.001
799	14	11	5	20	0	0	0		26.964
800	14	11	5	20	10	0	0		26.939
801	14	11	5	20	20	0	0		26.917
802	14	11	5	20	30	0	0		26.892
803	14	11	5	20	40	0	0		26.898
804	14	11	5	20	50	0	0		26.894
805	14	11	5	21	0	0	0		26.894
806	14	11	5	21	10	0	0		26.915
807	14	11	5	21	20	0	0		26.943
808	14	11	5	21	30	0	0		26.973
809	14	11	5	21	40	0	0		27.006
810	14	11	5	21	50	0	0		27.039
811	14	11	5	22	0	0	0		27.097
812	14	11	5	22	10	0	0		27.147
813	14	11	5	22	20	0	0		27.213
814	14	11	5	22	30	0	0		27.281
815	14	11	5	22	40	0	0		27.346
816	14	11	5	22	50	0	0		27.423
817	14	11	5	23	0	0	0		27.499
818	14	11	5	23	10	0	0		27.605
819	14	11	5	23	20	0	0		27.672
820	14	11	5	23	30	0	0		27.771
821	14	11	5	23	40	0	0		27.85
822	14	11	5	23	50	0	0		27.957
823	14	11	6	0	0	0	0		28.062
824	14	11	6	0	10	0	0		28.136
825	14	11	6	0	20	0	0		28.238
826	14	11	6	0	30	0	0		28.326
827	14	11	6	0	40	0	0		28.421
828	14	11	6	0	50	0	0		28.499
829	14	11	6	1	0	0	0		28.621
830	14	11	6	1	10	0	0		28.709
831	14	11	6	1	20	0	0		28.807
832	14	11	6	1	30	0	0		28.866
833	14	11	6	1	40	0	0		28.935
834	14	11	6	1	50	0	0		28.998
835	14	11	6	2	0	0	0		29.054
836	14	11	6	2	10	0	0		29.104
837	14	11	6	2	20	0	0		29.145
838	14	11	6	2	30	0	0		29.171
839	14	11	6	2	40	0	0		29.207
840	14	11	6	2	50	0	0		29.236
841	14	11	6	3	0	0	0		29.236
842	14	11	6	3	10	0	0		29.234
843	14	11	6	3	20	0	0		29.228
844	14	11	6	3	30	0	0		29.206
845	14	11	6	3	40	0	0		29.174
846	14	11	6	3	50	0	0		29.14
847	14	11	6	4	0	0	0		29.089
848	14	11	6	4	10	0	0		29.037
849	14	11	6	4	20	0	0		28.956
850	14	11	6	4	30	0	0		28.886
851	14	11	6	4	40	0	0		28.807
852	14	11	6	4	50	0	0		28.729
853	14	11	6	5	0	0	0		28.62
854	14	11	6	5	10	0	0		28.528
855	14	11	6	5	20	0	0		28.435
856	14	11	6	5	30	0	0		28.32
857	14	11	6	5	40	0	0		28.215
858	14	11	6	5	50	0	0		28.108
859	14	11	6	6	0	0	0		28.018
860	14	11	6	6	10	0	0		27.911
861	14	11	6	6	20	0	0		27.811
862	14	11	6	6	30	0	0		27.709
863	14	11	6	6	40	0	0		27.614
864	14	11	6	6	50	0	0		27.535
865	14	11	6	7	0	0	0		27.448
866	14	11	6	7	10	0	0		27.366
867	14	11	6	7	20	0	0		27.293
868	14	11	6	7	30	0	0		27.217
869	14	11	6	7	40	0	0		27.157
870	14	11	6	7	50	0	0		27.1
871	14	11	6	8	0	0	0		27.046
872	14	11	6	8	10	0	0		27.013
873	14	11	6	8	20	0	0		26.957
874	14	11	6	8	30	0	0		26.941
875	14	11	6	8	40	0	0		26.905
876	14	11	6	8	50	0	0		26.891
877	14	11	6	9	0	0	0		26.882
878	14	11	6	9	10	0	0		26.871
879	14	11	6	9	20	0	0		26.88
880	14	11	6	9	30	0	0		26.895
881	14	11	6	9	40	0	0		26.922
882	14	11	6	9	50	0	0		26.948
883	14	11	6	10	0	0	0		26.982
884	14	11	6	10	10	0	0		27.024
885	14	11	6	10	20	0	0		27.075
886	14	11	6	10	30	0	0		27.128
887	14	11	6	10	40	0	0		27.191
888	14	11	6	10	50	0	0		27.261
889	14	11	6	11	0	0	0		27.332
890	14	11	6	11	10	0	0		27.408
891	14	11	6	11	20	0	0		27.48
892	14	11	6	11	30	0	0		27.564
893	14	11	6	11	40	0	0		27.657
894	14	11	6	11	50	0	0		27.735
895	14	11	6	12	0	0	0		27.83
896	14	11	6	12	10	0	0		27.922
897	14	11	6	12	20	0	0		28.011
898	14	11	6	12	30	0	0		28.113
899	14	11	6	12	40	0	0		28.202
900	14	11	6	12	50	0	0		28.285
901	14	11	6	13	0	0	0		28.387
902	14	11	6	13	10	0	0		28.468
903	14	11	6	13	20	0	0		28.576
904	14	11	6	13	30	0	0		28.668
905	14	11	6	13	40	0	0		28.749
906	14	11	6	13	50	0	0		28.812
907	14	11	6	14	0	0	0		28.885
908	14	11	6	14	10	0	0		28.941
909	14	11	6	14	20	0	0		28.989
910	14	11	6	14	30	0	0		29.04
911	14	11	6	14	40	0	0		29.086
912	14	11	6	14	50	0	0		29.122
913	14	11	6	15	0	0	0		29.15
914	14	11	6	15	10	0	0		29.172
915	14	11	6	15	20	0	0		29.171
916	14	11	6	15	30	0	0		29.169
917	14	11	6	15	40	0	0		29.156
918	14	11	6	15	50	0	0		29.136
919	14	11	6	16	0	0	0		29.106
920	14	11	6	16	10	0	0		29.066
921	14	11	6	16	20	0	0		29.024
922	14	11	6	16	30	0	0		28.957
923	14	11	6	16	40	0	0		28.895
924	14	11	6	16	50	0	0		28.808
925	14	11	6	17	0	0	0		28.741
926	14	11	6	17	10	0	0		28.65
927	14	11	6	17	20	0	0		28.567
928	14	11	6	17	30	0	0		28.471
929	14	11	6	17	40	0	0		28.372
930	14	11	6	17	50	0	0		28.258
931	14	11	6	18	0	0	0		28.167
932	14	11	6	18	10	0	0		28.047
933	14	11	6	18	20	0	0		27.948
934	14	11	6	18	30	0	0		27.858
935	14	11	6	18	40	0	0		27.762
936	14	11	6	18	50	0	0		27.673
937	14	11	6	19	0	0	0		27.563
938	14	11	6	19	10	0	0		27.484
939	14	11	6	19	20	0	0		27.399
940	14	11	6	19	30	0	0		27.31
941	14	11	6	19	40	0	0		27.222
942	14	11	6	19	50	0	0		27.169
943	14	11	6	20	0	0	0		27.098
944	14	11	6	20	10	0	0		27.044
945	14	11	6	20	20	0	0		26.992
946	14	11	6	20	30	0	0		26.934
947	14	11	6	20	40	0	0		26.899
948	14	11	6	20	50	0	0		26.876
949	14	11	6	21	0	0	0		26.838
950	14	11	6	21	10	0	0		26.829
951	14	11	6	21	20	0	0		26.823
952	14	11	6	21	30	0	0		26.827
953	14	11	6	21	40	0	0		26.83
954	14	11	6	21	50	0	0		26.84
955	14	11	6	22	0	0	0		26.863
956	14	11	6	22	10	0	0		26.904
957	14	11	6	22	20	0	0		26.934
958	14	11	6	22	30	0	0		26.977
959	14	11	6	22	40	0	0		27.023
960	14	11	6	22	50	0	0		27.084
961	14	11	6	23	0	0	0		27.145
962	14	11	6	23	10	0	0		27.213
963	14	11	6	23	20	0	0		27.285
964	14	11	6	23	30	0	0		27.364
965	14	11	6	23	40	0	0		27.437
966	14	11	6	23	50	0	0		27.529
967	14	11	7	0	0	0	0		27.624
968	14	11	7	0	10	0	0		27.716
969	14	11	7	0	20	0	0		27.814
970	14	11	7	0	30	0	0		27.905
971	14	11	7	0	40	0	0		28
972	14	11	7	0	50	0	0		28.096
973	14	11	7	1	0	0	0		28.19
974	14	11	7	1	10	0	0		28.283
975	14	11	7	1	20	0	0		28.379
976	14	11	7	1	30	0	0		28.482
977	14	11	7	1	40	0	0		28.576
978	14	11	7	1	50	0	0		28.672
979	14	11	7	2	0	0	0		28.76
980	14	11	7	2	10	0	0		28.84
981	14	11	7	2	20	0	0		28.911
982	14	11	7	2	30	0	0		28.973
983	14	11	7	2	40	0	0		29.034
984	14	11	7	2	50	0	0		29.078
985	14	11	7	3	0	0	0		29.126
986	14	11	7	3	10	0	0		29.169
987	14	11	7	3	20	0	0		29.204
988	14	11	7	3	30	0	0		29.224
989	14	11	7	3	40	0	0		29.238
990	14	11	7	3	50	0	0		29.249
991	14	11	7	4	0	0	0		29.233
992	14	11	7	4	10	0	0		29.21
993	14	11	7	4	20	0	0		29.177
994	14	11	7	4	30	0	0		29.136
995	14	11	7	4	40	0	0		29.088
996	14	11	7	4	50	0	0		29.026
997	14	11	7	5	0	0	0		28.962
998	14	11	7	5	10	0	0		28.901
999	14	11	7	5	20	0	0		28.818
1000	14	11	7	5	30	0	0		28.747
1001	14	11	7	5	40	0	0		28.657
1002	14	11	7	5	50	0	0		28.548
1003	14	11	7	6	0	0	0		28.452
1004	14	11	7	6	10	0	0		28.352
1005	14	11	7	6	20	0	0		28.251
1006	14	11	7	6	30	0	0		28.13
1007	14	11	7	6	40	0	0		28.025
1008	14	11	7	6	50	0	0		27.923
1009	14	11	7	7	0	0	0		27.832
1010	14	11	7	7	10	0	0		27.737
1011	14	11	7	7	20	0	0		27.642
1012	14	11	7	7	30	0	0		27.549
1013	14	11	7	7	40	0	0		27.475
1014	14	11	7	7	50	0	0		27.396
1015	14	11	7	8	0	0	0		27.318
1016	14	11	7	8	10	0	0		27.26
1017	14	11	7	8	20	0	0		27.189
1018	14	11	7	8	30	0	0		27.128
1019	14	11	7	8	40	0	0		27.086
1020	14	11	7	8	50	0	0		27.038
1021	14	11	7	9	0	0	0		26.995
1022	14	11	7	9	10	0	0		26.97
1023	14	11	7	9	20	0	0		26.952
1024	14	11	7	9	30	0	0		26.932
1025	14	11	7	9	40	0	0		26.936
1026	14	11	7	9	50	0	0		26.927
1027	14	11	7	10	0	0	0		26.935
1028	14	11	7	10	10	0	0		26.942
1029	14	11	7	10	20	0	0		26.975
1030	14	11	7	10	30	0	0		26.994
1031	14	11	7	10	40	0	0		27.025
1032	14	11	7	10	50	0	0		27.072
1033	14	11	7	11	0	0	0		27.114
1034	14	11	7	11	10	0	0		27.18
1035	14	11	7	11	20	0	0		27.236
1036	14	11	7	11	30	0	0		27.292
1037	14	11	7	11	40	0	0		27.358
1038	14	11	7	11	50	0	0		27.432
1039	14	11	7	12	0	0	0		27.501
1040	14	11	7	12	10	0	0		27.592
1041	14	11	7	12	20	0	0		27.682
1042	14	11	7	12	30	0	0		27.777
1043	14	11	7	12	40	0	0		27.858
1044	14	11	7	12	50	0	0		27.924
1045	14	11	7	13	0	0	0		28.028
1046	14	11	7	13	10	0	0		28.116
1047	14	11	7	13	20	0	0		28.22
1048	14	11	7	13	30	0	0		28.298
1049	14	11	7	13	40	0	0		28.395
1050	14	11	7	13	50	0	0		28.485
1051	14	11	7	14	0	0	0		28.572
1052	14	11	7	14	10	0	0		28.661
1053	14	11	7	14	20	0	0		28.741
1054	14	11	7	14	30	0	0		28.803
1055	14	11	7	14	40	0	0		28.874
1056	14	11	7	14	50	0	0		28.936
1057	14	11	7	15	0	0	0		28.991
1058	14	11	7	15	10	0	0		29.026
1059	14	11	7	15	20	0	0		29.078
1060	14	11	7	15	30	0	0		29.097
1061	14	11	7	15	40	0	0		29.136
1062	14	11	7	15	50	0	0		29.148
1063	14	11	7	16	0	0	0		29.156
1064	14	11	7	16	10	0	0		29.157
1065	14	11	7	16	20	0	0		29.151
1066	14	11	7	16	30	0	0		29.129
1067	14	11	7	16	40	0	0		29.087
1068	14	11	7	16	50	0	0		29.027
1069	14	11	7	17	0	0	0		28.993
1070	14	11	7	17	10	0	0		28.94
1071	14	11	7	17	20	0	0		28.877
1072	14	11	7	17	30	0	0		28.803
1073	14	11	7	17	40	0	0		28.731
1074	14	11	7	17	50	0	0		28.647
1075	14	11	7	18	0	0	0		28.565
1076	14	11	7	18	10	0	0		28.476
1077	14	11	7	18	20	0	0		28.371
1078	14	11	7	18	30	0	0		28.26
1079	14	11	7	18	40	0	0		28.155
1080	14	11	7	18	50	0	0		28.049
1081	14	11	7	19	0	0	0		27.96
1082	14	11	7	19	10	0	0		27.85
1083	14	11	7	19	20	0	0		27.763
1084	14	11	7	19	30	0	0		27.656
1085	14	11	7	19	40	0	0		27.572
1086	14	11	7	19	50	0	0		27.483
1087	14	11	7	20	0	0	0		27.397
1088	14	11	7	20	10	0	0		27.328
1089	14	11	7	20	20	0	0		27.247
1090	14	11	7	20	30	0	0		27.191
1091	14	11	7	20	40	0	0		27.119
1092	14	11	7	20	50	0	0		27.067
1093	14	11	7	21	0	0	0		27.025
1094	14	11	7	21	10	0	0		26.977
1095	14	11	7	21	20	0	0		26.941
1096	14	11	7	21	30	0	0		26.913
1097	14	11	7	21	40	0	0		26.883
1098	14	11	7	21	50	0	0		26.873
1099	14	11	7	22	0	0	0		26.863
1100	14	11	7	22	10	0	0		26.875
1101	14	11	7	22	20	0	0		26.868
1102	14	11	7	22	30	0	0		26.89
1103	14	11	7	22	40	0	0		26.915
1104	14	11	7	22	50	0	0		26.939
1105	14	11	7	23	0	0	0		26.966
1106	14	11	7	23	10	0	0		27.009
1107	14	11	7	23	20	0	0		27.074
1108	14	11	7	23	30	0	0		27.123
1109	14	11	7	23	40	0	0		27.174
1110	14	11	7	23	50	0	0		27.242
1111	14	11	8	0	0	0	0		27.312
1112	14	11	8	0	10	0	0		27.383
1113	14	11	8	0	20	0	0		27.458
1114	14	11	8	0	30	0	0		27.541
1115	14	11	8	0	40	0	0		27.621
1116	14	11	8	0	50	0	0		27.714
1117	14	11	8	1	0	0	0		27.801
1118	14	11	8	1	10	0	0		27.897
1119	14	11	8	1	20	0	0		27.985
1120	14	11	8	1	30	0	0		28.063
1121	14	11	8	1	40	0	0		28.156
1122	14	11	8	1	50	0	0		28.252
1123	14	11	8	2	0	0	0		28.348
1124	14	11	8	2	10	0	0		28.431
1125	14	11	8	2	20	0	0		28.532
1126	14	11	8	2	30	0	0		28.615
1127	14	11	8	2	40	0	0		28.694
1128	14	11	8	2	50	0	0		28.776
1129	14	11	8	3	0	0	0		28.841
1130	14	11	8	3	10	0	0		28.91
1131	14	11	8	3	20	0	0		28.97
1132	14	11	8	3	30	0	0		29.019
1133	14	11	8	3	40	0	0		29.076
1134	14	11	8	3	50	0	0		29.098
1135	14	11	8	4	0	0	0		29.136
1136	14	11	8	4	10	0	0		29.161
1137	14	11	8	4	20	0	0		29.156
1138	14	11	8	4	30	0	0		29.168
1139	14	11	8	4	40	0	0		29.159
1140	14	11	8	4	50	0	0		29.142
1141	14	11	8	5	0	0	0		29.131
1142	14	11	8	5	10	0	0		29.083
1143	14	11	8	5	20	0	0		29.024
1144	14	11	8	5	30	0	0		28.973
1145	14	11	8	5	40	0	0		28.918
1146	14	11	8	5	50	0	0		28.846
1147	14	11	8	6	0	0	0		28.787
1148	14	11	8	6	10	0	0		28.714
1149	14	11	8	6	20	0	0		28.62
1150	14	11	8	6	30	0	0		28.536
1151	14	11	8	6	40	0	0		28.436
1152	14	11	8	6	50	0	0		28.347
1153	14	11	8	7	0	0	0		28.244
1154	14	11	8	7	10	0	0		28.135
1155	14	11	8	7	20	0	0		28.037
1156	14	11	8	7	30	0	0		27.944
1157	14	11	8	7	40	0	0		27.846
1158	14	11	8	7	50	0	0		27.759
1159	14	11	8	8	0	0	0		27.67
1160	14	11	8	8	10	0	0		27.595
1161	14	11	8	8	20	0	0		27.524
1162	14	11	8	8	30	0	0		27.448
1163	14	11	8	8	40	0	0		27.37
1164	14	11	8	8	50	0	0		27.305
1165	14	11	8	9	0	0	0		27.243
1166	14	11	8	9	10	0	0		27.186
1167	14	11	8	9	20	0	0		27.142
1168	14	11	8	9	30	0	0		27.101
1169	14	11	8	9	40	0	0		27.077
1170	14	11	8	9	50	0	0		27.051
1171	14	11	8	10	0	0	0		27.029
1172	14	11	8	10	10	0	0		27.014
1173	14	11	8	10	20	0	0		27.01
1174	14	11	8	10	30	0	0		27.005
1175	14	11	8	10	40	0	0		27.013
1176	14	11	8	10	50	0	0		27.041
1177	14	11	8	11	0	0	0		27.061
1178	14	11	8	11	10	0	0		27.081
1179	14	11	8	11	20	0	0		27.13
1180	14	11	8	11	30	0	0		27.161
1181	14	11	8	11	40	0	0		27.197
1182	14	11	8	11	50	0	0		27.259
1183	14	11	8	12	0	0	0		27.302
1184	14	11	8	12	10	0	0		27.367
1185	14	11	8	12	20	0	0		27.443
1186	14	11	8	12	30	0	0		27.511
1187	14	11	8	12	40	0	0		27.588
1188	14	11	8	12	50	0	0		27.665
1189	14	11	8	13	0	0	0		27.751
1190	14	11	8	13	10	0	0		27.82
1191	14	11	8	13	20	0	0		27.916
1192	14	11	8	13	30	0	0		27.994
1193	14	11	8	13	40	0	0		28.073
1194	14	11	8	13	50	0	0		28.17
1195	14	11	8	14	0	0	0		28.252
1196	14	11	8	14	10	0	0		28.322
1197	14	11	8	14	20	0	0		28.405
1198	14	11	8	14	30	0	0		28.49
1199	14	11	8	14	40	0	0		28.561
1200	14	11	8	14	50	0	0		28.655
1201	14	11	8	15	0	0	0		28.729
1202	14	11	8	15	10	0	0		28.799
1203	14	11	8	15	20	0	0		28.867
1204	14	11	8	15	30	0	0		28.923
1205	14	11	8	15	40	0	0		28.966
1206	14	11	8	15	50	0	0		29.004
1207	14	11	8	16	0	0	0		29.046
1208	14	11	8	16	10	0	0		29.063
1209	14	11	8	16	20	0	0		29.084
1210	14	11	8	16	30	0	0		29.108
1211	14	11	8	16	40	0	0		29.112
1212	14	11	8	16	50	0	0		29.121
1213	14	11	8	17	0	0	0		29.108
1214	14	11	8	17	10	0	0		29.089
1215	14	11	8	17	20	0	0		29.063
1216	14	11	8	17	30	0	0		29.022
1217	14	11	8	17	40	0	0		28.965
1218	14	11	8	17	50	0	0		28.911
1219	14	11	8	18	0	0	0		28.851
1220	14	11	8	18	10	0	0		28.793
1221	14	11	8	18	20	0	0		28.707
1222	14	11	8	18	30	0	0		28.623
1223	14	11	8	18	40	0	0		28.538
1224	14	11	8	18	50	0	0		28.451
1225	14	11	8	19	0	0	0		28.345
1226	14	11	8	19	10	0	0		28.252
1227	14	11	8	19	20	0	0		28.171
1228	14	11	8	19	30	0	0		28.064
1229	14	11	8	19	40	0	0		27.983
1230	14	11	8	19	50	0	0		27.891
1231	14	11	8	20	0	0	0		27.789
1232	14	11	8	20	10	0	0		27.713
1233	14	11	8	20	20	0	0		27.626
1234	14	11	8	20	30	0	0		27.532
1235	14	11	8	20	40	0	0		27.458
1236	14	11	8	20	50	0	0		27.372
1237	14	11	8	21	0	0	0		27.324
1238	14	11	8	21	10	0	0		27.262
1239	14	11	8	21	20	0	0		27.203
1240	14	11	8	21	30	0	0		27.153
1241	14	11	8	21	40	0	0		27.109
1242	14	11	8	21	50	0	0		27.07
1243	14	11	8	22	0	0	0		27.035
1244	14	11	8	22	10	0	0		27.005
1245	14	11	8	22	20	0	0		26.987
1246	14	11	8	22	30	0	0		26.968
1247	14	11	8	22	40	0	0		26.955
1248	14	11	8	22	50	0	0		26.96
1249	14	11	8	23	0	0	0		26.967
1250	14	11	8	23	10	0	0		26.98
1251	14	11	8	23	20	0	0		26.997
1252	14	11	8	23	30	0	0		27.018
1253	14	11	8	23	40	0	0		27.056
1254	14	11	8	23	50	0	0		27.081
1255	14	11	9	0	0	0	0		27.125
1256	14	11	9	0	10	0	0		27.182
1257	14	11	9	0	20	0	0		27.232
1258	14	11	9	0	30	0	0		27.29
1259	14	11	9	0	40	0	0		27.349
1260	14	11	9	0	50	0	0		27.426
1261	14	11	9	1	0	0	0		27.502
1262	14	11	9	1	10	0	0		27.559
1263	14	11	9	1	20	0	0		27.648
1264	14	11	9	1	30	0	0		27.723
1265	14	11	9	1	40	0	0		27.816
1266	14	11	9	1	50	0	0		27.889
1267	14	11	9	2	0	0	0		27.978
1268	14	11	9	2	10	0	0		28.055
1269	14	11	9	2	20	0	0		28.129
1270	14	11	9	2	30	0	0		28.221
1271	14	11	9	2	40	0	0		28.314
1272	14	11	9	2	50	0	0		28.398
1273	14	11	9	3	0	0	0		28.486
1274	14	11	9	3	10	0	0		28.568
1275	14	11	9	3	20	0	0		28.655
1276	14	11	9	3	30	0	0		28.728
1277	14	11	9	3	40	0	0		28.797
1278	14	11	9	3	50	0	0		28.861
1279	14	11	9	4	0	0	0		28.909
1280	14	11	9	4	10	0	0		28.958
1281	14	11	9	4	20	0	0		29.002
1282	14	11	9	4	30	0	0		29.03
1283	14	11	9	4	40	0	0		29.063
1284	14	11	9	4	50	0	0		29.082
1285	14	11	9	5	0	0	0		29.093
1286	14	11	9	5	10	0	0		29.087
1287	14	11	9	5	20	0	0		29.076
1288	14	11	9	5	30	0	0		29.061
1289	14	11	9	5	40	0	0		29.024
1290	14	11	9	5	50	0	0		28.988
1291	14	11	9	6	0	0	0		28.937
1292	14	11	9	6	10	0	0		28.892
1293	14	11	9	6	20	0	0		28.841
1294	14	11	9	6	30	0	0		28.784
1295	14	11	9	6	40	0	0		28.714
1296	14	11	9	6	50	0	0		28.631
1297	14	11	9	7	0	0	0		28.529
1298	14	11	9	7	10	0	0		28.441
1299	14	11	9	7	20	0	0		28.365
1300	14	11	9	7	30	0	0		28.269
1301	14	11	9	7	40	0	0		28.186
1302	14	11	9	7	50	0	0		28.099
1303	14	11	9	8	0	0	0		28.019
1304	14	11	9	8	10	0	0		27.933
1305	14	11	9	8	20	0	0		27.848
1306	14	11	9	8	30	0	0		27.76
1307	14	11	9	8	40	0	0		27.676
