"TOA5","CR1000-M1","CR1000","22372","CR1000.Std.24","CPU:D - M1.CR1","02009","M_10"
"TIMESTAMP","RECORD","BattV","WS_ms_S_WVT","WindDir_D1_WVT","WindDir_SD1_WVT","WS_ms_Std","WS_ms_Max","AirTC_Avg","RH","BP_700_Avg"
"TS","RN","Volts","meters/second","Deg","Deg","meters/second","meters/second","Deg C","%",""
"","","Smp","WVc","WVc","WVc","Std","Max","Avg","Smp","Avg"
"2014-10-29 16:10:00",389,12.89,3.736,84.8,23.7,1.35,7.52,27.22,80.2,301.7
"2014-10-29 16:20:00",390,12.99,5.301,99.1,12.51,1.107,8.33,26.75,83.4,309.1
"2014-10-29 16:30:00",391,12.9,4.979,99.6,8.12,0.894,7.88,26.51,85.3,309.1
"2014-10-29 16:40:00",392,12.77,4.912,95.6,9.97,0.987,8.16,26.51,85.4,309.1
"2014-10-29 16:50:00",393,12.61,5.447,102.5,7.578,0.979,8.42,26.36,86.2,309.2
"2014-10-29 17:00:00",394,12.56,5.012,103.8,7.806,0.854,8.18,26.31,85,309.4
"2014-10-29 17:10:00",395,12.49,5.62,103.1,7.554,1.028,8.53,26.34,84.4,309.5
"2014-10-29 17:20:00",396,12.52,5.967,104.8,7.104,0.961,8.75,26.3,84.9,309.6
"2014-10-29 17:30:00",397,12.56,5.827,107.2,6.305,0.819,7.92,26.22,87.2,309.8
"2014-10-29 17:40:00",398,12.56,5.752,110.1,6.682,0.95,8.67,26.09,86.2,310
"2014-10-29 17:50:00",399,12.56,6.447,109.4,5.921,0.987,8.22,26.13,86.9,310
"2014-10-29 18:00:00",400,12.56,6.321,109,5.865,0.989,8.29,26.11,85.5,310.2
"2014-10-29 18:10:00",401,12.56,5.881,105.4,6.548,0.942,8.08,26.17,84.1,310.3
"2014-10-29 18:20:00",402,12.56,6.118,102.9,6.372,0.904,8.32,26.18,84.7,310.3
"2014-10-29 18:30:00",403,12.56,6.251,105.1,7.149,1.014,8.8,26.15,85.1,310.1
"2014-10-29 18:40:00",404,12.56,6.76,106.6,6.874,1.076,8.81,26.11,85.5,310.2
"2014-10-29 18:50:00",405,12.56,5.834,104.2,7.511,0.915,8.11,26.09,86,310.5
"2014-10-29 19:00:00",406,12.55,6.032,106.8,5.879,0.968,9.19,26.11,85.6,310.7
"2014-10-29 19:10:00",407,12.55,6.18,105.5,7.569,1.066,8.43,26.1,85.4,310.9
"2014-10-29 19:20:00",408,12.55,5.93,107.2,6.254,0.813,8,26.06,87.6,311
"2014-10-29 19:30:00",409,12.55,5.595,103,7.361,1.026,8.46,26.05,84.3,311.1
"2014-10-29 19:40:00",410,12.55,5.921,102.7,8.34,1.131,9.06,26.14,84.3,311.3
"2014-10-29 19:50:00",411,12.54,5.853,107.2,6.402,0.859,8.42,26.08,84.2,311.4
"2014-10-29 20:00:00",412,12.54,5.883,103.2,7.568,0.961,8.81,26.09,83.3,311.5
"2014-10-29 20:10:00",413,12.51,5.613,103.2,7.853,0.804,8.31,26.14,84.8,311.8
"2014-10-29 20:20:00",414,12.5,5.93,106.1,7.266,0.841,8.22,26.06,84,311.8
"2014-10-29 20:30:00",415,12.5,5.839,102.5,7.113,0.933,8.01,26.08,83.3,311.9
"2014-10-29 20:40:00",416,12.5,5.305,99.7,9.92,1.035,8.88,26.09,84.3,312
"2014-10-29 20:50:00",417,12.5,5.284,100.5,8.76,0.88,7.2,26.05,84,312.2
"2014-10-29 21:00:00",418,12.5,5.295,101.4,9.11,0.906,7.65,26.05,82.6,312.4
"2014-10-29 21:10:00",419,12.5,5.313,97.3,8.99,0.894,8.32,26.09,81.9,312.5
"2014-10-29 21:20:00",420,12.53,5.091,102,8.4,0.722,7.26,26.05,83.1,312.6
"2014-10-29 21:30:00",421,12.53,4.844,99.8,8.84,0.869,7,25.98,83,312.5
"2014-10-29 21:40:00",422,12.52,5.193,102.8,7.031,0.799,7.46,25.96,82.4,312.4
"2014-10-29 21:50:00",423,12.52,4.816,96.7,10.98,0.839,7.75,25.99,82.8,312.4
"2014-10-29 22:00:00",424,12.52,5.139,101.8,7.725,0.921,7.68,25.94,83.3,312.3
"2014-10-29 22:10:00",425,12.52,5.353,104,8.21,0.856,7.63,25.92,84.5,312.3
"2014-10-29 22:20:00",426,12.52,5.214,103.5,8.32,0.717,6.98,25.86,84,312.2
"2014-10-29 22:30:00",427,12.51,4.932,102.5,8.78,0.771,7.36,25.83,84.5,312.1
"2014-10-29 22:40:00",428,12.51,4.806,102.8,8.14,0.887,7.02,25.82,86.2,312
"2014-10-29 22:50:00",429,12.51,5.352,105.6,7.242,0.812,7.39,25.78,84.2,311.9
"2014-10-29 23:00:00",430,12.51,5.409,100,7.665,0.756,7.32,25.8,84.3,311.7
"2014-10-29 23:10:00",431,12.51,4.968,98.8,9.91,0.777,7.23,25.81,84.8,311.7
"2014-10-29 23:20:00",432,12.51,4.39,95.2,11.32,1.011,6.82,25.81,84.7,311.6
"2014-10-29 23:30:00",433,12.51,4.941,97.3,10.96,0.931,7.32,25.81,85.1,311.4
"2014-10-29 23:40:00",434,12.5,5.636,98.8,8.59,1.071,8.26,25.81,84,311.2
"2014-10-29 23:50:00",435,12.5,4.801,92.1,11.53,1.065,7.84,25.84,83.5,311.2
"2014-10-30 00:00:00",436,12.47,4.161,95.9,10.74,0.899,7.24,25.8,84.2,311.5
"2014-10-30 00:10:00",437,12.46,4.397,101.6,8.99,0.691,6.2,25.74,84.6,311.5
"2014-10-30 00:20:00",438,12.46,4.514,102,8.41,0.722,6.27,25.75,83.8,311.5
"2014-10-30 00:30:00",439,12.46,4.534,101.4,8.72,0.771,7.23,25.75,83.8,311.4
"2014-10-30 00:40:00",440,12.46,4.597,101.3,8.93,0.866,7.13,25.74,83.3,311.4
"2014-10-30 00:50:00",441,12.45,4.441,97.5,10.62,0.867,6.42,25.74,82.8,311.4
"2014-10-30 01:00:00",442,12.46,4.466,93.5,11.28,0.856,6.62,25.77,83.2,311.3
"2014-10-30 01:10:00",443,12.49,4.304,87.7,13.4,0.709,5.93,25.8,82.7,311.2
"2014-10-30 01:20:00",444,12.49,3.692,86.5,14.09,0.878,5.68,25.83,81.7,311.3
"2014-10-30 01:30:00",445,12.48,3.273,90.5,13.38,0.865,5.07,25.85,83.3,311.3
"2014-10-30 01:40:00",446,12.48,4.503,92.6,12.05,1.296,7.7,25.78,82.7,311.2
"2014-10-30 01:50:00",447,12.48,3.898,90,14.45,0.998,6.39,25.81,82.2,311.2
"2014-10-30 02:00:00",448,12.48,4.147,87.6,11.26,0.812,6.46,25.76,82.2,311
"2014-10-30 02:10:00",449,12.48,4.34,87.9,11.37,0.9,6.41,25.77,80.8,310.9
"2014-10-30 02:20:00",450,12.48,4.218,87,14.36,0.952,6.91,25.78,82.8,310.9
"2014-10-30 02:30:00",451,12.47,3.907,90,11.83,0.848,5.95,25.76,82.1,310.8
"2014-10-30 02:40:00",452,12.47,3.953,83,12.77,1.036,7.19,25.79,80.8,310.8
"2014-10-30 02:50:00",453,12.47,4.241,84.4,12.44,0.952,6.51,25.83,79.96,310.9
"2014-10-30 03:00:00",454,12.47,3.734,84.9,15.05,0.966,5.71,25.87,78.74,311
"2014-10-30 03:10:00",455,12.47,3.809,82.7,14.68,0.894,6.54,25.84,79.08,310.9
"2014-10-30 03:20:00",456,12.47,3.395,81.6,14.73,0.787,5.49,25.83,79.31,311
"2014-10-30 03:30:00",457,12.47,3.742,79.62,15.23,0.918,5.65,25.81,79.35,310.9
"2014-10-30 03:40:00",458,12.47,3.143,83.7,15.75,0.915,5.38,25.78,79.96,311
"2014-10-30 03:50:00",459,12.46,2.78,79.18,17.92,0.983,6.35,25.78,78.94,311.1
"2014-10-30 04:00:00",460,12.42,3.548,86.1,14.72,0.938,6.2,25.79,79.38,311.1
"2014-10-30 04:10:00",461,12.42,3.823,81.9,15.57,1.063,6.82,25.76,79.99,311.2
"2014-10-30 04:20:00",462,12.42,3.56,86.4,14.7,0.959,6.08,25.77,79.89,311.3
"2014-10-30 04:30:00",463,12.42,2.837,79.74,15.65,0.76,4.55,25.75,79.96,311.4
"2014-10-30 04:40:00",464,12.42,2.525,70.12,15.37,0.676,4.88,25.72,80.2,311.4
"2014-10-30 04:50:00",465,12.42,2.276,78.57,17.81,0.516,3.74,25.73,80.4,311.5
"2014-10-30 05:00:00",466,12.46,1.717,73.88,14.39,0.482,3.23,25.68,81,311.6
"2014-10-30 05:10:00",467,12.45,2.161,72.4,18.6,0.839,4.52,25.68,81.5,311.6
"2014-10-30 05:20:00",468,12.45,2.894,74.45,15.42,0.86,4.56,25.68,80.8,311.6
"2014-10-30 05:30:00",469,12.45,2.466,70.34,19.94,0.9,4.99,25.7,80.8,311.9
"2014-10-30 05:40:00",470,12.46,1.889,67.72,13.99,0.343,3.2,25.72,80.6,312.1
"2014-10-30 05:50:00",471,12.47,1.799,65.73,22.53,0.514,3.23,25.76,80.3,312.2
"2014-10-30 06:00:00",472,12.49,1.784,62.44,13.65,0.332,2.86,25.81,79.82,312.2
"2014-10-30 06:10:00",473,12.51,2.274,62.67,13.95,0.49,3.9,25.84,79.48,312.2
"2014-10-30 06:20:00",474,12.55,2.316,45.69,10.83,0.444,4.02,25.87,79.35,312.2
"2014-10-30 06:30:00",475,12.5,2.633,50.92,12.66,0.803,4.83,25.85,79.42,312.3
"2014-10-30 06:40:00",476,12.5,2.9,61.39,18.47,0.767,4.83,25.68,80.7,312.4
"2014-10-30 06:50:00",477,12.59,2.716,61.87,15.14,0.691,4.23,25.58,81.2,312.5
"2014-10-30 07:00:00",478,12.75,2.307,57.8,16.36,0.688,3.87,25.7,80.6,312.7
"2014-10-30 07:10:00",479,12.89,2.246,57.55,15.74,0.514,3.71,25.87,79.21,312.8
"2014-10-30 07:20:00",480,13.13,2.322,53.23,15.85,0.539,3.93,26.11,77.75,312.9
"2014-10-30 07:30:00",481,13.15,2.573,54.8,15.08,0.618,4.56,26.46,76.56,313
"2014-10-30 07:40:00",482,13.14,2.518,57.99,11.85,0.544,4.16,26.44,76.83,313
"2014-10-30 07:50:00",483,12.98,2.434,79.22,15.95,0.811,4.91,26.46,76.19,313.1
"2014-10-30 08:00:00",484,12.86,2.209,96.3,18.44,0.709,3.96,26.61,80.9,313.2
"2014-10-30 08:10:00",485,12.83,2.696,98,15.66,0.6,4.15,26.19,79.42,313.2
"2014-10-30 08:20:00",486,13.12,2.338,59.01,17.55,0.559,3.67,26.1,77.78,313.2
"2014-10-30 08:30:00",487,13.12,2.988,91.6,15.48,0.856,4.86,26.52,77.34,313.2
"2014-10-30 08:40:00",488,13.12,2.851,99.4,13.33,0.67,4.45,26.57,78.02,313.3
"2014-10-30 08:50:00",489,13.09,3.684,104,10.95,1.168,6.45,26.65,78.09,313.2
"2014-10-30 09:00:00",490,13.15,4.089,86.7,13.64,1.243,7.21,26.47,80.3,313.2
"2014-10-30 09:10:00",491,13.14,4.68,97.1,12.53,1.156,8.04,26.52,78.33,313.1
"2014-10-30 09:20:00",492,13.14,5.503,97.3,11.66,0.994,7.78,26.77,77.58,312.9
"2014-10-30 09:30:00",493,13.13,5.707,98.7,10.66,1.077,9.48,27.04,75.06,312.9
"2014-10-30 09:40:00",494,13.13,5.732,103.3,7.791,1.011,8.4,27.26,73.53,312.9
"2014-10-30 09:50:00",495,13.12,6.078,97,11.45,1.17,8.57,27.52,70.3,312.8
"2014-10-30 10:00:00",496,13.12,6.288,99.4,9.27,1.267,9.58,27.57,70.61,312.8
"2014-10-30 10:10:00",497,13.11,5.991,99.3,9.69,1.193,8.73,27.51,71.97,312.8
"2014-10-30 10:20:00",498,13.11,6.7,99.7,9.83,1.298,9.85,27.48,71.05,312.7
"2014-10-30 10:30:00",499,13.1,6.553,100,10.8,1.203,9.28,27.59,71.39,312.7
"2014-10-30 10:40:00",500,13.1,6.697,101.3,9.37,1.315,10.18,27.61,72.58,312.6
"2014-10-30 10:50:00",501,13.1,6.312,101.1,9.45,1.189,9.61,27.65,75.85,312.6
"2014-10-30 11:00:00",502,13.1,6.408,105.2,7.269,1.07,9.45,27.26,74.69,312.5
"2014-10-30 11:10:00",503,13.1,6.468,106.7,6.84,1.137,9.37,27.14,75.95,312.4
"2014-10-30 11:20:00",504,13.1,6.257,105.7,7.678,1.08,9.67,27.05,75.2,312.4
"2014-10-30 11:30:00",505,13.1,6.708,105.5,6.71,1.062,9.23,27.14,74.15,312.3
"2014-10-30 11:40:00",506,13.07,6.414,105.7,7.323,0.974,8.76,27.32,75.91,312.1
"2014-10-30 11:50:00",507,13.08,6.531,105.1,7.798,1.034,9.11,27.19,74.83,312.1
"2014-10-30 12:00:00",508,13.08,6.134,105,8.38,1.153,9.23,27.47,73.91,312
"2014-10-30 12:10:00",509,13.07,5.953,108.3,7.529,1.028,9.43,27.4,75,312.1
"2014-10-30 12:20:00",510,13.07,5.698,110.3,7.468,0.869,8.06,27.34,75.74,312
"2014-10-30 12:30:00",511,13.07,5.574,108.5,7.056,0.892,7.82,27.43,74.15,312
"2014-10-30 12:40:00",512,13.1,5.024,110.3,6.949,0.862,7.47,27.4,76.29,312
"2014-10-30 12:50:00",513,13.09,5.094,112.7,6.655,0.734,7.16,27.49,76.08,311.9
"2014-10-30 13:00:00",514,13.09,5.344,110.1,5.906,0.721,7.61,27.3,76.56,311.8
"2014-10-30 13:10:00",515,13.1,5.162,113.2,7.014,0.915,8.04,26.97,77.68,311.7
"2014-10-30 13:20:00",516,13.1,5.525,110.4,7.623,0.911,8.12,26.84,75,311.5
"2014-10-30 13:30:00",517,13.1,5.708,108.6,7.081,0.864,8.52,27.12,77.27,311.4
"2014-10-30 13:40:00",518,13.1,6.174,107.9,6.858,0.955,8,27.01,75.13,311.3
"2014-10-30 13:50:00",519,13.1,5.905,107.7,7.715,0.849,8.17,27.06,76.29,311.3
"2014-10-30 14:00:00",520,13.11,5.789,106.5,6.211,0.914,8.44,26.85,76.56,311.3
"2014-10-30 14:10:00",521,13.11,5.774,105,7.614,0.789,8.21,26.7,76.76,311.2
"2014-10-30 14:20:00",522,13.12,5.992,106,6.967,0.854,8.26,26.7,77.38,311.2
"2014-10-30 14:30:00",523,13.11,5.776,105.5,6.226,0.887,7.93,26.76,76.53,311.2
"2014-10-30 14:40:00",524,13.11,5.417,105.1,7.733,0.891,8.2,26.79,77.78,311.3
"2014-10-30 14:50:00",525,13.12,5.216,105.5,8.86,0.907,7.32,26.78,78.33,311.3
"2014-10-30 15:00:00",526,13.11,4.798,101.5,8.34,0.877,6.97,26.7,76.12,311.3
"2014-10-30 15:10:00",527,13.03,5.288,101.2,8.35,0.931,7.29,26.71,78.4,311.2
"2014-10-30 15:20:00",528,12.97,5.315,100.7,10.17,1.018,8.12,26.57,77.85,311.2
"2014-10-30 15:30:00",529,13.03,5.515,96.2,11.53,1.255,9.04,26.7,77.75,311.1
"2014-10-30 15:40:00",530,13.03,5.68,101.9,8.07,1.028,8.75,26.54,78.53,311
"2014-10-30 15:50:00",531,12.98,5.26,96.3,11.76,1.114,8.4,26.55,80.8,311
"2014-10-30 16:00:00",532,12.89,4.837,101.4,10.01,0.94,7.71,26.47,81.4,311.1
"2014-10-30 16:10:00",533,12.88,5.08,97.3,9.69,0.741,6.75,26.45,78.67,311.2
"2014-10-30 16:20:00",534,12.84,4.711,100.8,10.16,1.054,7.63,26.44,79.59,311.3
"2014-10-30 16:30:00",535,12.83,4.864,105.3,7.794,0.897,7.34,26.26,80.7,311.3
"2014-10-30 16:40:00",536,12.81,5.074,105,6.899,0.699,6.74,26.17,81.6,311.3
"2014-10-30 16:50:00",537,12.76,5.313,103.3,7.731,0.797,7.04,26.15,80.1,311.1
"2014-10-30 17:00:00",538,12.71,5.034,102.6,8.59,0.77,6.69,26.2,81.6,311.3
"2014-10-30 17:10:00",539,12.7,5.008,100.8,8.45,0.897,8.24,26.18,79.99,311.4
"2014-10-30 17:20:00",540,12.67,4.695,98,8.66,0.815,6.63,26.2,80.8,311.5
"2014-10-30 17:30:00",541,12.66,4.656,98.5,9.15,0.696,7.01,26.15,79.86,311.5
"2014-10-30 17:40:00",542,12.64,5.023,98.1,9.81,0.799,7.97,26.17,79.04,311.5
"2014-10-30 17:50:00",543,12.63,4.533,91.9,11.85,0.929,7.02,26.26,78.67,311.6
"2014-10-30 18:00:00",544,12.61,4.771,94.4,10.45,1.069,8.06,26.24,79.89,311.7
"2014-10-30 18:10:00",545,12.6,4.453,92.2,10.72,0.955,7.31,26.13,79.45,311.8
"2014-10-30 18:20:00",546,12.58,4.382,93.5,12.25,0.941,6.85,26.22,80.1,311.7
"2014-10-30 18:30:00",547,12.57,4.398,92.6,11.25,0.896,7.08,26.17,79.11,311.8
"2014-10-30 18:40:00",548,12.55,4.649,88.5,11.04,1.313,8.63,26.15,77.31,311.8
"2014-10-30 18:50:00",549,12.53,4.423,94.1,12.3,0.979,7.02,26.08,79.04,311.8
"2014-10-30 19:00:00",550,12.52,4.946,99.1,9.21,0.878,7.75,26.03,79.48,311.8
"2014-10-30 19:10:00",551,12.47,4.22,93.4,11.84,0.775,6.36,26.06,78.43,311.9
"2014-10-30 19:20:00",552,12.46,4.146,91,12.24,0.72,5.83,26.12,78.74,311.9
"2014-10-30 19:30:00",553,12.45,4.516,90,11.75,1.124,7.94,26.15,76.46,312.1
"2014-10-30 19:40:00",554,12.44,4.67,96.6,10.81,0.932,7.45,26.1,77.82,312.2
"2014-10-30 19:50:00",555,12.43,4.152,91,10.39,0.876,6.79,26.09,77.21,312.4
"2014-10-30 20:00:00",556,12.42,4.027,90.9,13,0.893,6.7,26.07,78.4,312.5
"2014-10-30 20:10:00",557,12.42,4.523,91.5,11.76,0.987,6.86,26.04,77.68,312.4
"2014-10-30 20:20:00",558,12.46,4.239,90.3,10.95,0.985,7.11,26.09,77.65,312.5
"2014-10-30 20:30:00",559,12.45,4.413,88,11.95,0.93,7.01,26.1,77.92,312.6
"2014-10-30 20:40:00",560,12.45,4.756,89.7,12.98,1.287,8.42,26.1,77.44,312.7
"2014-10-30 20:50:00",561,12.45,4.914,91.6,12.02,1.124,7.67,26.08,78.6,312.8
"2014-10-30 21:00:00",562,12.45,3.827,89.3,10.55,0.876,6.21,26.04,79.42,313.1
"2014-10-30 21:10:00",563,12.44,4.827,94.3,9.32,0.956,7.87,25.92,80.1,313.1
"2014-10-30 21:20:00",564,12.44,4.231,90.5,10.72,0.871,7.4,25.93,80.1,313.2
"2014-10-30 21:30:00",565,12.44,4.456,91.4,11.64,0.904,7.55,25.91,79.18,313.1
"2014-10-30 21:40:00",566,12.44,4.462,92.1,11.7,0.778,6.85,26,77.99,313.2
"2014-10-30 21:50:00",567,12.43,3.778,92.4,12.01,0.865,5.85,25.98,79.21,313.3
"2014-10-30 22:00:00",568,12.43,3.873,96.1,10.75,0.805,6.19,25.87,80.8,313.2
"2014-10-30 22:10:00",569,12.43,3.652,91,10.07,0.743,5.25,25.87,78.87,313.3
"2014-10-30 22:20:00",570,12.42,3.817,94.7,10.42,0.739,5.45,25.87,80.7,313.3
"2014-10-30 22:30:00",571,12.42,3.864,101.9,7.709,0.774,5.52,25.76,83.6,313.3
"2014-10-30 22:40:00",572,12.42,4.711,102.4,7.251,0.627,6.2,25.61,81.1,313.1
"2014-10-30 22:50:00",573,12.42,4.685,103,7.403,0.801,6.51,25.65,80.7,313
"2014-10-30 23:00:00",574,12.42,4.469,101.9,8,0.678,6.45,25.64,82.1,312.9
"2014-10-30 23:10:00",575,12.38,4.615,99.2,8.55,0.664,6.55,25.6,81.8,312.7
"2014-10-30 23:20:00",576,12.38,4.232,100,9.35,0.681,6.28,25.58,82.6,312.7
"2014-10-30 23:30:00",577,12.38,3.964,102.2,8.38,0.656,5.77,25.54,82.3,312.7
"2014-10-30 23:40:00",578,12.37,3.558,101,8.68,0.708,5.35,25.54,83,312.6
"2014-10-30 23:50:00",579,12.37,4.068,102.2,7.031,0.712,5.69,25.53,80.7,312.5
"2014-10-31 00:00:00",580,12.37,3.935,98.9,7.981,0.651,5.81,25.56,80.4,312.4
"2014-10-31 00:10:00",581,12.41,3.482,96.6,10.46,0.81,5.46,25.58,81,312.3
"2014-10-31 00:20:00",582,12.41,2.976,97.7,10.94,0.638,4.44,25.53,82.2,312.2
"2014-10-31 00:30:00",583,12.41,2.984,101,9.26,0.602,4.5,25.47,83,312
"2014-10-31 00:40:00",584,12.4,2.959,93,10.97,0.627,4.22,25.48,82.1,311.9
"2014-10-31 00:50:00",585,12.41,2.678,100.3,11.14,0.566,5,25.5,84,311.9
"2014-10-31 01:00:00",586,12.4,3.408,101.7,8.87,0.667,4.86,25.44,83.2,311.8
"2014-10-31 01:10:00",587,12.4,3.313,100.2,8.48,0.647,4.88,25.42,83,311.8
"2014-10-31 01:20:00",588,12.4,3.169,97,9.55,0.515,4.45,25.41,83.4,311.6
"2014-10-31 01:30:00",589,12.4,3.483,99.7,8.64,0.585,4.92,25.35,83.6,311.4
"2014-10-31 01:40:00",590,12.4,3.477,102.8,6.826,0.573,5.34,25.34,82.8,311.3
"2014-10-31 01:50:00",591,12.4,3.69,102.5,7.805,0.586,5.19,25.36,83.1,311.2
"2014-10-31 02:00:00",592,12.4,4.24,106.2,7.496,0.642,5.48,25.33,83,311.2
"2014-10-31 02:10:00",593,12.39,3.84,108.2,6.866,0.644,5.24,25.31,84.5,311.2
"2014-10-31 02:20:00",594,12.39,3.828,108.3,6.98,0.68,5.49,25.27,84.7,311.2
"2014-10-31 02:30:00",595,12.39,3.846,107.3,8.04,0.65,5.12,25.28,83,311.2
"2014-10-31 02:40:00",596,12.39,3.922,96.7,9.05,0.699,5.57,25.34,81.9,311.2
"2014-10-31 02:50:00",597,12.39,3.775,100.8,9.8,0.658,5.33,25.36,80.2,311.2
"2014-10-31 03:00:00",598,12.35,3.312,93.6,12.16,0.702,5.06,25.4,81.2,311.2
"2014-10-31 03:10:00",599,12.35,3.475,90.6,13.18,0.781,5.01,25.41,80.1,311.3
"2014-10-31 03:20:00",600,12.35,3.567,95.5,10.8,0.682,5.35,25.39,81.5,311.3
"2014-10-31 03:30:00",601,12.35,3.273,99.6,10.07,0.607,4.6,25.3,81.7,311.4
"2014-10-31 03:40:00",602,12.34,3.063,94.8,11.06,0.696,4.63,25.31,80.6,311.6
"2014-10-31 03:50:00",603,12.35,2.806,95.6,12,0.581,4.25,25.32,82.3,311.7
"2014-10-31 04:00:00",604,12.38,2.855,94.9,11.01,0.638,4.39,25.28,82.6,311.7
"2014-10-31 04:10:00",605,12.38,3.322,97,10.38,0.688,4.75,25.25,82.8,311.7
"2014-10-31 04:20:00",606,12.37,3.162,103.7,8.32,0.754,5.51,25.23,83.4,311.8
"2014-10-31 04:30:00",607,12.37,3.525,107,8.57,0.601,5.55,25.23,82.7,311.9
"2014-10-31 04:40:00",608,12.37,3.362,108.7,7.932,0.667,4.82,25.24,84.2,312.1
"2014-10-31 04:50:00",609,12.37,2.912,110.6,7.431,0.545,4.52,25.14,83.8,312.2
"2014-10-31 05:00:00",610,12.37,3.438,105.1,7.899,0.544,4.72,25.21,83.8,312.3
"2014-10-31 05:10:00",611,12.37,3.259,105,8.54,0.633,5.1,25.19,80.9,312.3
"2014-10-31 05:20:00",612,12.37,3.537,103.2,7.362,0.534,5.03,25.29,79.62,312.3
"2014-10-31 05:30:00",613,12.38,3.15,106.5,7.121,0.574,4.7,25.36,80.8,312.5
"2014-10-31 05:40:00",614,12.4,3.037,108.5,7.368,0.531,4.52,25.41,81,312.5
"2014-10-31 05:50:00",615,12.41,3.229,109.7,7.751,0.592,4.66,25.56,81.6,312.6
"2014-10-31 06:00:00",616,12.46,3.531,108.5,6.421,0.692,5.11,25.5,81.3,312.6
"2014-10-31 06:10:00",617,12.52,3.976,108.8,6.432,0.602,5.38,25.81,80.9,312.6
"2014-10-31 06:20:00",618,12.66,3.775,111.1,6.966,0.657,5.36,26.01,80.7,312.7
"2014-10-31 06:30:00",619,12.65,3.979,112.1,6.697,0.721,5.75,25.81,81.7,312.9
"2014-10-31 06:40:00",620,12.45,4.555,107.8,7.581,0.527,5.76,25.62,80.9,313
"2014-10-31 06:50:00",621,12.5,3.423,110.4,7.309,0.7,5.15,25.67,82.6,313.1
"2014-10-31 07:00:00",622,13,4.659,106.1,8.61,1.046,7.18,26.22,75.3,313.2
"2014-10-31 07:10:00",623,13.07,4.61,103.1,8.12,0.814,6.22,26.5,74.38,313.4
"2014-10-31 07:20:00",624,13.09,4.627,105.2,5.932,0.664,6.9,26.6,74.32,313.5
"2014-10-31 07:30:00",625,13.08,4.777,105.4,7.01,0.704,6.65,26.61,73.57,313.5
"2014-10-31 07:40:00",626,13.08,4.633,104.7,7.145,0.727,6.51,26.79,74.86,313.7
"2014-10-31 07:50:00",627,13.1,4.527,107.8,6.423,0.688,5.83,26.78,75.2,313.8
"2014-10-31 08:00:00",628,13.1,4.449,110.5,7.238,0.717,6.16,26.96,75.78,313.9
"2014-10-31 08:10:00",629,13.1,4.526,113.4,5.684,0.667,6.2,26.91,75.95,314
"2014-10-31 08:20:00",630,13.09,4.51,111.6,7.219,0.598,6.23,26.96,74.76,314
"2014-10-31 08:30:00",631,13.09,4.64,112.6,6.424,0.668,6.48,27.05,73.43,314.1
"2014-10-31 08:40:00",632,13.09,4.39,113.5,6.916,0.741,6.11,26.98,76.12,314.1
"2014-10-31 08:50:00",633,13.09,3.963,112.5,8.26,0.606,5.58,27.09,75.57,314.2
"2014-10-31 09:00:00",634,13.09,4.04,114,8.71,0.73,5.97,27.09,76.39,314.2
"2014-10-31 09:10:00",635,13.08,4.094,112.9,8.51,0.758,6.34,27.12,76.36,314.2
"2014-10-31 09:20:00",636,13.08,4.088,115.9,6.641,0.721,5.85,27.12,76.56,314.1
"2014-10-31 09:30:00",637,13.08,4.053,115.7,7.122,0.739,5.56,27.02,75.57,314.1
"2014-10-31 09:40:00",638,13.08,4.018,115.4,7.778,0.656,5.94,27.3,75.34,314.2
"2014-10-31 09:50:00",639,13.08,4.105,114.8,6.595,0.712,5.62,27.26,74.49,314.1
"2014-10-31 10:00:00",640,13.07,4.53,112.6,5.703,0.701,5.88,27.24,74.86,314
"2014-10-31 10:10:00",641,13.08,4.473,116.4,6.56,0.755,6.29,27.2,74.32,313.9
"2014-10-31 10:20:00",642,13.07,4.168,114.7,6.624,0.677,5.86,27.4,74.93,313.9
"2014-10-31 10:30:00",643,13.04,4.446,116.5,7.775,0.827,6.13,27.04,78.33,313.9
"2014-10-31 10:40:00",644,13.04,4.023,116.9,8.11,0.624,5.38,27.22,77.1,313.9
"2014-10-31 10:50:00",645,13.04,4.151,120.6,5.869,0.559,5.34,27.11,76.08,313.8
"2014-10-31 11:00:00",646,13.04,4.549,118.7,6.142,0.555,5.79,26.83,74.69,313.8
"2014-10-31 11:10:00",647,13.04,4.053,119.8,6.692,0.761,5.68,27.22,73.3,313.8
"2014-10-31 11:20:00",648,13.04,4.399,122.5,4.498,0.587,5.49,27.11,75.27,313.7
"2014-10-31 11:30:00",649,13.04,4.053,117.8,7.955,0.815,5.73,27.42,74.11,313.6
"2014-10-31 11:40:00",650,13.07,4.611,121,5.903,0.623,5.84,27.08,74.69,313.5
"2014-10-31 11:50:00",651,13.07,4.681,121.6,6.404,0.566,5.68,26.97,75.78,313.3
"2014-10-31 12:00:00",652,13.08,4.91,122.7,5.08,0.531,6.39,26.94,76.83,313.1
"2014-10-31 12:10:00",653,13.08,5.019,126,5.605,0.724,6.67,27.05,75.88,313
"2014-10-31 12:20:00",654,13.08,5.038,124.3,5.269,0.555,6.18,26.96,75.23,313.1
"2014-10-31 12:30:00",655,13.08,4.663,128.9,4.898,0.736,6.67,27.02,75.57,313
"2014-10-31 12:40:00",656,13.08,4.746,135.6,5.611,0.674,6.11,27.18,75.3,312.9
"2014-10-31 12:50:00",657,13.08,4.957,130.1,5.743,0.684,6.86,26.99,75.34,312.8
"2014-10-31 13:00:00",658,13.08,5.271,129,5.67,0.68,6.89,27.08,74.25,312.7
"2014-10-31 13:10:00",659,13.08,5.372,131.3,5.74,0.685,7.26,27.06,74.11,312.7
"2014-10-31 13:20:00",660,13.09,4.936,130.3,5.014,0.718,6.77,27.2,74.72,312.5
"2014-10-31 13:30:00",661,13.08,5.3,130.3,5.287,0.716,6.9,26.97,75.61,312.3
"2014-10-31 13:40:00",662,13.08,5.279,130.5,4.848,0.778,6.9,26.85,74.59,312.3
"2014-10-31 13:50:00",663,13.08,5.154,129.6,5.159,0.728,6.72,26.9,73.06,312.3
"2014-10-31 14:00:00",664,13.09,5.101,131.3,5.096,0.684,6.83,27.06,73.84,312.2
"2014-10-31 14:10:00",665,13.09,5.36,128.6,4.499,0.774,6.72,26.91,75.37,312.2
"2014-10-31 14:20:00",666,13.06,5.258,127.7,6.281,0.673,7.08,27.01,72.55,312.2
"2014-10-31 14:30:00",667,13.06,5.139,125.2,4.346,0.614,6.46,26.91,76.42,312.2
"2014-10-31 14:40:00",668,13.05,4.865,123.5,4.894,0.591,6.34,26.84,75.13,312.1
"2014-10-31 14:50:00",669,13.06,5.128,124.4,3.912,0.583,6.84,26.79,75.88,312
"2014-10-31 15:00:00",670,13.06,5.096,138.8,16.26,1.198,8.17,26.65,77.78,312
"2014-10-31 15:10:00",671,13.06,4.35,154.9,15.2,0.982,6.53,26.38,77.44,311.9
"2014-10-31 15:20:00",672,13.06,4.463,146,12.1,0.906,6.29,26.26,79.38,311.9
"2014-10-31 15:30:00",673,13.09,4.475,145.5,11.84,1.022,6.55,26.41,76.59,311.9
"2014-10-31 15:40:00",674,13.1,5.525,166.9,10.32,1.322,8.37,26.1,80.9,312
"2014-10-31 15:50:00",675,13.1,5.7,174.1,11.36,1.614,9.79,25.55,83.3,312.1
"2014-10-31 16:00:00",676,13.1,4.667,192.5,16.62,1.396,7.14,25.43,82.4,312.1
"2014-10-31 16:10:00",677,12.93,4.892,204.9,9.78,1.133,8.07,25.05,81.9,312.3
"2014-10-31 16:20:00",678,12.81,4.829,206,10.19,1.054,6.76,24.95,84.3,312.3
"2014-10-31 16:30:00",679,12.78,4.218,190.4,18.97,1.309,7.17,24.98,84.5,312.3
"2014-10-31 16:40:00",680,12.78,3.551,154.8,23.18,0.956,5.97,25.24,83.6,312.3
"2014-10-31 16:50:00",681,12.79,4.163,129.4,16.46,0.821,5.59,25.66,80.2,312.3
"2014-10-31 17:00:00",682,12.75,5.462,124.6,5.324,0.776,7.46,25.94,79.42,312.3
"2014-10-31 17:10:00",683,12.72,5.114,122.8,8.07,0.721,6.72,25.97,78.36,312.4
"2014-10-31 17:20:00",684,12.69,5.047,115.9,7.605,0.82,6.91,25.98,78.5,312.4
"2014-10-31 17:30:00",685,12.67,5.477,121.3,5.186,0.784,7.38,25.94,80.9,312.4
"2014-10-31 17:40:00",686,12.66,5.153,114.1,7.198,0.842,7.36,25.83,79.65,312.3
"2014-10-31 17:50:00",687,12.65,5.136,113.6,7.529,0.899,7.89,25.79,76.97,312.4
"2014-10-31 18:00:00",688,12.64,5.825,118.9,5.638,1.13,8.73,25.83,79.11,312.4
"2014-10-31 18:10:00",689,12.6,5.508,111.9,7.254,0.986,8.11,25.76,77,312.4
"2014-10-31 18:20:00",690,12.58,5.408,114.1,7.377,0.839,7.74,25.79,81,312.4
"2014-10-31 18:30:00",691,12.58,6.683,117.2,6.903,1.215,9.43,25.72,79.11,312.4
"2014-10-31 18:40:00",692,12.57,6.157,117.5,8.27,1.462,10.02,25.68,77.78,312.6
"2014-10-31 18:50:00",693,12.56,5.404,111.7,8.03,1.159,8.26,25.68,78.33,312.7
"2014-10-31 19:00:00",694,12.55,5.918,114.2,7.943,1.154,9.49,25.69,78.19,312.8
"2014-10-31 19:10:00",695,12.55,5.535,112.5,7.979,1.063,9.06,25.7,78.02,312.9
"2014-10-31 19:20:00",696,12.57,5.838,111.2,7.097,0.907,7.93,25.69,78.57,313
"2014-10-31 19:30:00",697,12.57,5.581,113.7,7.571,0.975,7.94,25.7,79.76,313.1
"2014-10-31 19:40:00",698,12.56,5.238,113.8,8.25,1.017,7.66,25.67,78.67,313.2
"2014-10-31 19:50:00",699,12.56,5.575,116.7,7.01,1.204,8.37,25.67,77.51,313.4
"2014-10-31 20:00:00",700,12.55,5.402,111,7.205,0.953,8.88,25.66,78.06,313.5
"2014-10-31 20:10:00",701,12.54,5.07,111.7,7.664,0.832,7.25,25.64,77.89,313.6
"2014-10-31 20:20:00",702,12.53,5.095,115.2,7.635,1.11,8.34,25.65,77.95,313.8
"2014-10-31 20:30:00",703,12.52,5.74,113.7,8.11,1.171,8.4,25.65,81.4,313.7
"2014-10-31 20:40:00",704,12.51,6.043,103.8,8.33,1.095,8.47,25.48,80.8,313.7
"2014-10-31 20:50:00",705,12.51,5.537,103.2,8.03,0.962,8.1,25.57,79.96,313.8
"2014-10-31 21:00:00",706,12.5,6.089,103.7,7.603,0.928,8.78,25.66,77.48,314
"2014-10-31 21:10:00",707,12.49,5.917,103.9,7.928,1.005,8.18,25.66,77.75,314
"2014-10-31 21:20:00",708,12.48,5.449,99.8,9.3,0.926,8.58,25.66,77.04,314
"2014-10-31 21:30:00",709,12.47,5.23,102,8.82,0.839,8.17,25.65,77.78,314
"2014-10-31 21:40:00",710,12.46,5.785,102.9,7.423,0.984,8.32,25.67,76.22,314
"2014-10-31 21:50:00",711,12.45,5.42,105.2,6.964,0.832,7.58,25.69,77.58,314.1
"2014-10-31 22:00:00",712,12.42,5.936,106.1,6.013,1.007,8.39,25.72,75.17,314.1
"2014-10-31 22:10:00",713,12.4,5.54,106,7.249,1.039,8.25,25.74,77.89,314.1
"2014-10-31 22:20:00",714,12.38,4.924,105,7.168,0.683,6.51,25.68,76.59,314.1
"2014-10-31 22:30:00",715,12.37,4.884,102.5,7.146,0.73,6.63,25.71,76.83,314.1
"2014-10-31 22:40:00",716,12.37,4.895,105.3,6.859,0.625,6.38,25.66,78.23,313.8
"2014-10-31 22:50:00",717,12.36,4.573,103.3,8.01,0.785,7.19,25.64,78.06,313.7
"2014-10-31 23:00:00",718,12.36,3.931,101.5,8.89,0.647,5.48,25.65,79.69,313.7
"2014-10-31 23:10:00",719,12.39,4.155,102.9,8.92,0.715,5.98,25.61,77.41,313.7
"2014-10-31 23:20:00",720,12.39,4.107,105.4,5.43,0.559,5.27,25.62,78.97,313.7
"2014-10-31 23:30:00",721,12.38,3.926,100.7,9.39,0.474,5.22,25.58,81.8,313.6
"2014-10-31 23:40:00",722,12.37,4.085,91.7,10.57,0.701,5.88,25.53,79.86,313.4
"2014-10-31 23:50:00",723,12.37,3.359,88.5,13.37,0.867,5.4,25.54,79.59,313.2
"2014-11-01 00:00:00",724,12.37,3.997,91,12.52,0.818,6.22,25.56,78.36,313.1
"2014-11-01 00:10:00",725,12.37,3.574,100.9,9.9,0.708,5.3,25.52,80,313
"2014-11-01 00:20:00",726,12.36,3.743,103.8,6.974,0.554,5.33,25.45,80.2,312.9
"2014-11-01 00:30:00",727,12.36,4.051,107.3,6.382,0.655,5.39,25.41,78.63,312.9
"2014-11-01 00:40:00",728,12.36,4.041,108,6.703,0.663,5.51,25.41,80.8,312.9
"2014-11-01 00:50:00",729,12.36,3.853,106.6,6.68,0.646,5.03,25.37,79.01,312.8
"2014-11-01 01:00:00",730,12.36,3.771,109.4,6.643,0.644,5.18,25.34,79.38,312.7
"2014-11-01 01:10:00",731,12.36,3.804,106.9,6.953,0.582,5.28,25.37,80.8,312.6
"2014-11-01 01:20:00",732,12.35,3.38,109.7,6.367,0.588,5.08,25.32,81.4,312.5
"2014-11-01 01:30:00",733,12.35,3.06,106.2,8.93,0.475,4.12,25.32,84.3,312.5
"2014-11-01 01:40:00",734,12.35,3.393,90.6,13.25,0.791,5.56,25.1,82.4,312.4
"2014-11-01 01:50:00",735,12.31,2.229,89.2,15.69,0.595,3.89,25.18,83.5,312.4
"2014-11-01 02:00:00",736,12.31,3.859,93.4,15.13,1.625,7.71,24.85,81.4,312.3
"2014-11-01 02:10:00",737,12.3,3.413,75.34,19.2,0.995,6.76,24.27,84.7,312.3
"2014-11-01 02:20:00",738,12.3,2.612,67.56,12.52,0.664,4.17,24.08,85.4,312.2
"2014-11-01 02:30:00",739,12.3,2.65,88.4,16.09,0.668,5.03,24.59,84.9,312.3
"2014-11-01 02:40:00",740,12.3,3.645,111.7,9.36,0.894,5.65,24.94,81.5,312.3
"2014-11-01 02:50:00",741,12.3,3.808,114,7.727,0.729,5.6,25.08,82.6,312.4
"2014-11-01 03:00:00",742,12.34,3.841,112,8.73,0.725,5.44,25.06,81.1,312.4
"2014-11-01 03:10:00",743,12.34,3.677,116.8,8.7,0.758,5.19,25.08,81.9,312.5
"2014-11-01 03:20:00",744,12.33,3.996,118.8,7.016,0.791,6.01,25.12,79.96,312.6
"2014-11-01 03:30:00",745,12.33,3.795,116.7,8.7,0.805,5.76,25.14,79.59,312.7
"2014-11-01 03:40:00",746,12.33,4.269,119.8,7,0.674,5.7,25.19,76.76,312.7
"2014-11-01 03:50:00",747,12.33,4.221,119.8,7.216,0.854,6.5,25.23,76.49,312.8
"2014-11-01 04:00:00",748,12.32,3.984,117.6,7.853,0.764,5.5,25.25,79.21,312.8
"2014-11-01 04:10:00",749,12.32,4.097,119.7,6.348,0.847,5.91,25.24,78.43,312.8
"2014-11-01 04:20:00",750,12.32,3.73,112.5,8.94,0.727,5.72,25.19,76.93,312.8
"2014-11-01 04:30:00",751,12.32,3.697,114.3,8.79,0.812,5.54,25.2,77.82,312.9
"2014-11-01 04:40:00",752,12.32,3.53,117.4,7.742,0.697,4.89,25.2,79.25,313
"2014-11-01 04:50:00",753,12.32,3.446,116.5,6.821,0.788,5.72,25.16,80.1,313
"2014-11-01 05:00:00",754,12.32,3.166,115,8.48,0.64,4.64,25.13,79.82,313.1
"2014-11-01 05:10:00",755,12.32,3.382,114.4,7.555,0.589,4.58,25.16,78.74,313.3
"2014-11-01 05:20:00",756,12.32,3.12,116.7,8.9,0.686,4.77,25.2,78.63,313.3
"2014-11-01 05:30:00",757,12.32,3.188,114.3,8.86,0.669,4.96,25.18,76.66,313.3
"2014-11-01 05:40:00",758,12.3,3.882,122.5,6.349,0.661,5.31,25.28,76.9,313.3
"2014-11-01 05:50:00",759,12.3,4.09,121.3,7.029,0.651,5.5,25.32,77.78,313.3
"2014-11-01 06:00:00",760,12.32,3.184,119.8,8.69,0.616,4.59,25.32,79.35,313.4
"2014-11-01 06:10:00",761,12.34,3.62,121.6,6.72,0.651,4.93,25.36,78.36,313.6
"2014-11-01 06:20:00",762,12.37,3.583,120.3,8.45,0.733,5.42,25.38,79.14,313.7
"2014-11-01 06:30:00",763,12.43,3.499,126.2,6.171,0.604,5.25,25.4,80.3,313.8
"2014-11-01 06:40:00",764,12.44,3.531,126.5,4.49,0.531,4.95,25.44,80.1,313.9
"2014-11-01 06:50:00",765,12.45,3.655,121.6,5.84,0.651,5.39,25.41,80.3,314.1
"2014-11-01 07:00:00",766,12.43,3.436,137.5,10.43,0.726,5,25.09,81.1,314.2
"2014-11-01 07:10:00",767,12.97,3.494,122.9,12.51,0.941,5.52,25.23,78.6,314.3
"2014-11-01 07:20:00",768,13.14,3.62,125.5,5.812,0.67,5.17,26.16,76.29,314.3
"2014-11-01 07:30:00",769,13.12,4.243,123.1,5.036,0.563,5.58,26.31,73.23,314.3
"2014-11-01 07:40:00",770,13.12,4.136,119.8,7.237,0.589,5.44,26.31,74.59,314.3
"2014-11-01 07:50:00",771,13.06,3.874,117.4,7.642,0.734,5.54,26.3,77.24,314.3
"2014-11-01 08:00:00",772,13.11,3.719,115.5,8.35,0.715,5.47,26.29,75,314.4
"2014-11-01 08:10:00",773,13.1,4.27,121.3,6.687,0.605,5.66,26.49,75.61,314.3
"2014-11-01 08:20:00",774,13.1,4.597,125,5.471,0.601,6,26.31,74.21,314.3
"2014-11-01 08:30:00",775,13.1,4.276,120.2,6.676,0.747,5.83,26.26,77.04,314.2
"2014-11-01 08:40:00",776,13.1,5.063,123.6,5.916,0.637,6.37,26.15,75.06,314.2
"2014-11-01 08:50:00",777,13.09,4.55,119,6.469,0.691,6.38,26.26,75.06,314.2
"2014-11-01 09:00:00",778,13.09,4.704,121.9,5.675,0.67,6.09,26.52,74.93,314.2
"2014-11-01 09:10:00",779,13.1,4.832,127,5.435,0.633,6.45,26.08,75.81,314.2
"2014-11-01 09:20:00",780,13.1,4.191,127.3,6.682,0.612,5.62,26.06,73.23,314.3
"2014-11-01 09:30:00",781,13.08,3.945,122.8,5.583,0.5,5.18,26.46,72.85,314.3
"2014-11-01 09:40:00",782,13.06,3.827,122.3,6.777,0.607,5.37,26.37,73.81,314.3
"2014-11-01 09:50:00",783,13.06,3.678,120.9,6.188,0.575,5.15,26.52,72.11,314.2
"2014-11-01 10:00:00",784,13.05,3.935,126.8,5.22,0.525,5.63,26.75,73.16,314.1
"2014-11-01 10:10:00",785,13.05,3.911,122.2,5.079,0.533,5.26,26.76,71.87,314.1
"2014-11-01 10:20:00",786,13.06,4.044,125.3,4.975,0.452,5.13,26.41,75.71,314.1
"2014-11-01 10:30:00",787,13.06,4.143,127.3,3.866,0.597,5.75,26.34,74.52,314
"2014-11-01 10:40:00",788,13.09,4.267,125.4,5.679,0.569,5.65,26.29,72.96,314
"2014-11-01 10:50:00",789,13.08,4.128,127.7,6.166,0.62,5.59,26.46,72.99,314
"2014-11-01 11:00:00",790,13.08,4.496,129.4,5.108,0.533,5.75,26.84,72.28,314
"2014-11-01 11:10:00",791,13.08,4.363,123.1,11.14,0.669,5.95,26.48,76.42,313.9
"2014-11-01 11:20:00",792,13.08,4.738,111.9,6.669,0.645,6.16,26.14,77.58,313.8
"2014-11-01 11:30:00",793,13.08,4.534,113.5,6.906,0.77,6.43,26.15,79.14,313.6
"2014-11-01 11:40:00",794,13.08,4.838,121.5,6.315,0.778,6.47,26.04,77.95,313.6
"2014-11-01 11:50:00",795,13.08,5.167,122.3,5.318,0.75,7.4,25.99,77.85,313.5
"2014-11-01 12:00:00",796,13.08,4.235,131.6,8.02,0.646,5.83,26.15,73.33,313.4
"2014-11-01 12:10:00",797,13.08,3.429,143.6,11.2,0.812,5.15,26.79,71.63,313.3
"2014-11-01 12:20:00",798,13.08,3.073,156.4,15.95,0.842,4.98,27.2,76.02,313.1
"2014-11-01 12:30:00",799,13.08,3.185,149.8,15.74,0.872,5.12,27.02,72.85,313
"2014-11-01 12:40:00",800,13.07,2.9,150.9,18.82,0.748,4.58,27.4,71.12,312.8
"2014-11-01 12:50:00",801,13.07,2.973,165.4,16.05,0.763,4.68,27.03,72.48,312.7
"2014-11-01 13:00:00",802,13.08,3.391,162.6,13.71,0.885,5.35,26.7,75.61,312.6
"2014-11-01 13:10:00",803,13.08,3.718,164.9,14.01,0.828,5.63,26.82,75.34,312.5
"2014-11-01 13:20:00",804,13.05,3.812,147.6,14.55,0.811,5.71,26.63,77.1,312.4
"2014-11-01 13:30:00",805,13.04,3.738,150.4,14.34,0.838,6.4,26.7,74.62,312.3
"2014-11-01 13:40:00",806,13.04,3.595,146.7,16.09,0.845,5.38,27.05,73.77,312.3
"2014-11-01 13:50:00",807,13.02,3.606,146.9,14.03,0.855,5.37,26.82,72.99,312.2
"2014-11-01 14:00:00",808,13,3.602,143.8,13.69,0.656,4.95,27.09,73.84,312.2
"2014-11-01 14:10:00",809,12.99,3.224,148.2,16.4,0.742,4.92,26.94,72.51,312.2
"2014-11-01 14:20:00",810,13.04,3.283,152.5,17.48,0.671,4.89,27.21,72.11,312.2
"2014-11-01 14:30:00",811,13.07,3.523,143.2,12.12,0.709,4.9,26.98,73.67,312.2
"2014-11-01 14:40:00",812,13.09,3.902,136.4,7.121,0.565,5.73,26.7,75.81,312.1
"2014-11-01 14:50:00",813,13.09,3.916,140.9,9.04,0.642,5.67,26.25,77.72,312.1
"2014-11-01 15:00:00",814,13.08,3.654,147.5,16.82,0.783,5.36,26.8,74.83,312
"2014-11-01 15:10:00",815,13.08,5.227,142.1,19.28,1.835,9.96,26.57,82.1,312
"2014-11-01 15:20:00",816,13.09,5.712,111.4,8.11,1.251,9.36,24.95,86.7,312
"2014-11-01 15:30:00",817,12.97,5.124,123.3,6.854,0.915,7.19,24.8,83.7,312
"2014-11-01 15:40:00",818,13.11,4.848,131.7,6.608,0.857,6.77,25.08,78.74,312
"2014-11-01 15:50:00",819,13.12,4.131,137.5,6.618,0.781,6.07,25.51,79.93,311.9
"2014-11-01 16:00:00",820,13.12,3.343,125,6.836,0.536,4.55,25.38,77.92,312
"2014-11-01 16:10:00",821,13.12,3.884,124.3,6.01,0.542,5.56,25.39,78.43,312
"2014-11-01 16:20:00",822,12.98,3.633,124.7,6.33,0.534,4.92,25.48,78.43,312.1
"2014-11-01 16:30:00",823,12.91,3.261,136.3,6.004,0.484,4.57,25.32,78.67,312.2
"2014-11-01 16:40:00",824,12.82,3.013,138.9,7.599,0.541,4.11,25.36,80.4,312.2
"2014-11-01 16:50:00",825,12.77,3.325,139.4,7.596,0.565,4.89,25.28,80,312.3
"2014-11-01 17:00:00",826,12.73,4.019,140.1,8,0.716,5.57,25.31,79.08,312.4
"2014-11-01 17:10:00",827,12.68,4.234,134,11.47,0.746,6.7,25.33,83,312.5
"2014-11-01 17:20:00",828,12.66,4.267,112.9,7.626,0.756,6.2,25.12,82.9,312.5
"2014-11-01 17:30:00",829,12.64,4.174,118.7,8.38,0.71,5.77,25.09,82.4,312.5
"2014-11-01 17:40:00",830,12.63,4.449,124.1,5.567,0.693,5.77,25.01,82,312.5
"2014-11-01 17:50:00",831,12.62,3.6,133.9,7.506,0.675,5.25,25.07,78.97,312.6
"2014-11-01 18:00:00",832,12.61,3.631,139.9,7.845,0.618,4.78,25.14,77.51,312.7
"2014-11-01 18:10:00",833,12.62,3.1,146.6,13.07,0.809,4.99,25.24,78.06,312.9
"2014-11-01 18:20:00",834,12.63,3.227,148.8,13.3,0.71,4.86,25.28,79.45,312.9
"2014-11-01 18:30:00",835,12.62,4.136,141.2,8.76,0.8,6.84,25.29,83.6,312.9
"2014-11-01 18:40:00",836,12.61,4.857,138.3,6.814,0.68,6.37,24.99,82,312.9
"2014-11-01 18:50:00",837,12.61,4.409,140.9,7.122,0.605,5.7,25.01,83.2,312.9
"2014-11-01 19:00:00",838,12.6,4.826,137.9,7.299,0.969,7.22,24.99,78.02,312.9
"2014-11-01 19:10:00",839,12.59,5.439,131,5.997,0.736,7.56,25.02,78.57,313
"2014-11-01 19:20:00",840,12.58,5.48,130.9,5.727,0.848,7.45,25,79.72,313.1
"2014-11-01 19:30:00",841,12.58,5.962,127.4,5.235,0.733,8.09,24.99,74.25,313.1
"2014-11-01 19:40:00",842,12.57,4.467,119.7,8.52,0.966,6.68,25.18,74.35,313.3
"2014-11-01 19:50:00",843,12.57,5.153,123.7,7.342,0.965,7.25,25.25,73.33,313.4
"2014-11-01 20:00:00",844,12.56,5.555,130.9,6.545,0.955,7.73,25.19,76.19,313.5
"2014-11-01 20:10:00",845,12.56,5.983,115.8,11.26,0.857,8.76,24.86,85.3,313.7
"2014-11-01 20:20:00",846,12.55,5.825,108.4,7.778,0.863,8.01,24.38,84.1,313.8
"2014-11-01 20:30:00",847,12.54,5.323,109.4,7.069,0.844,7.44,24.45,83.5,313.8
"2014-11-01 20:40:00",848,12.53,3.619,115.2,9.35,0.895,6.27,24.57,82.7,313.8
"2014-11-01 20:50:00",849,12.53,2.969,113.9,8.32,0.734,4.91,24.64,80.9,313.9
"2014-11-01 21:00:00",850,12.49,3.787,123.8,5.618,0.723,5.75,24.8,79.01,313.9
"2014-11-01 21:10:00",851,12.48,4.072,130.8,8.3,0.701,5.76,24.79,82.1,313.9
"2014-11-01 21:20:00",852,12.47,3.743,144.7,9.71,0.721,5.69,24.67,83.4,313.9
"2014-11-01 21:30:00",853,12.47,3.455,142.2,11.3,0.71,5.32,24.7,82.1,313.8
"2014-11-01 21:40:00",854,12.47,4.409,135.7,8.89,0.783,6.41,24.94,80.1,313.6
"2014-11-01 21:50:00",855,12.46,4.23,137.7,8.05,0.677,6.24,24.93,78.7,313.5
"2014-11-01 22:00:00",856,12.48,4.392,143.1,9.04,0.978,6.09,24.89,79.62,313.4
"2014-11-01 22:10:00",857,12.49,3.8,146.3,10.59,0.844,5.8,24.81,79.96,313.5
"2014-11-01 22:20:00",858,12.48,3.874,145.2,10.73,0.676,5.42,24.79,83.7,313.5
"2014-11-01 22:30:00",859,12.48,4.368,164.1,9.3,0.802,6.33,24.74,85.9,313.4
"2014-11-01 22:40:00",860,12.47,4.769,149,11.86,1.027,7.15,24.38,89,313.3
"2014-11-01 22:50:00",861,12.46,4.065,140.5,7.414,0.627,5.51,24.2,89.4,313.1
"2014-11-01 23:00:00",862,12.46,3.432,130.7,6.953,0.703,5.48,24.23,88.7,313.2
"2014-11-01 23:10:00",863,12.46,3.027,126.5,7.344,0.601,4.37,24.28,86.7,313
"2014-11-01 23:20:00",864,12.45,2.666,134.8,6.77,0.466,3.97,24.36,86.1,312.8
"2014-11-01 23:30:00",865,12.45,2.311,127.9,7.724,0.513,3.91,24.38,83.1,312.8
"2014-11-01 23:40:00",866,12.44,2.781,122.3,11.62,0.596,5.15,24.45,81.8,312.7
"2014-11-01 23:50:00",867,12.43,2.915,112.8,8.65,0.55,5.09,24.53,84.8,312.5
"2014-11-02 00:00:00",868,12.42,3.409,107.1,9.1,0.631,5.35,24.42,85,312.4
"2014-11-02 00:10:00",869,12.41,2.718,97.4,14.97,0.607,4.2,24.29,82.4,312.4
"2014-11-02 00:20:00",870,12.41,2.85,112.9,16.83,1.196,6.19,24.38,86.7,312.3
"2014-11-02 00:30:00",871,12.4,5.616,141.9,10.49,1.035,8.09,23.36,93.6,312.2
"2014-11-02 00:40:00",872,12.39,4.583,134.1,7.742,1.122,7.92,22.91,94.7,312.2
"2014-11-02 00:50:00",873,12.34,3.402,111.2,14.31,0.679,4.8,22.97,95.2,312.1
"2014-11-02 01:00:00",874,12.34,2.145,79.69,18.12,0.713,3.61,22.42,93.1,312
"2014-11-02 01:10:00",875,12.33,1.097,62.7,18.24,0.416,2.04,22.6,90.9,311.8
"2014-11-02 01:20:00",876,12.32,1.189,77.37,27.62,0.435,2.37,23.03,89.2,311.7
"2014-11-02 01:30:00",877,12.31,1.054,159.8,25.95,0.335,1.68,23.25,88.6,311.7
"2014-11-02 01:40:00",878,12.3,1.064,166,19.5,0.311,1.75,23.26,88.8,311.7
"2014-11-02 01:50:00",879,12.32,1.169,174.4,21.32,0.436,2.13,23.24,88.7,311.6
"2014-11-02 02:00:00",880,12.33,0.662,179.4,57.32,0.367,1.5,23.32,88.1,311.5
"2014-11-02 02:10:00",881,12.32,0.486,200.4,54.34,0.302,1.31,23.3,88.1,311.4
"2014-11-02 02:20:00",882,12.31,0.506,240.6,25.77,0.154,0.85,23.35,88.1,311.5
"2014-11-02 02:30:00",883,12.31,1.887,88.4,43.07,1.378,4.94,23.36,90.1,311.5
"2014-11-02 02:40:00",884,12.31,2.731,59.71,13.33,0.666,4.15,22.67,92.9,311.6
"2014-11-02 02:50:00",885,12.3,1.383,25.72,21.14,0.37,2.41,22.48,93.5,311.5
"2014-11-02 03:00:00",886,12.3,1.344,23.1,10.09,0.321,2.29,22.42,92.9,311.5
"2014-11-02 03:10:00",887,12.3,1.79,44.51,22.54,0.585,3.55,22.58,92.3,311.7
"2014-11-02 03:20:00",888,12.3,1.97,63.19,16.13,0.695,3.71,22.73,92.5,311.7
"2014-11-02 03:30:00",889,12.29,0.5,73.36,50.19,0.245,1.23,22.78,92.3,311.7
"2014-11-02 03:40:00",890,12.29,0.833,124.7,28.72,0.364,1.93,22.8,91.1,311.8
"2014-11-02 03:50:00",891,12.29,2.619,113.7,13.5,1.152,7.02,22.99,92.1,311.9
"2014-11-02 04:00:00",892,12.29,4.992,85.4,14.12,1.341,9.86,22.43,93.5,312
"2014-11-02 04:10:00",893,12.29,5.227,62.81,12.7,1.211,7.89,22.32,92.5,311.9
"2014-11-02 04:20:00",894,12.28,4.047,44.47,11.43,0.824,6.12,22.41,91.9,311.9
"2014-11-02 04:30:00",895,12.28,2.906,38.09,11.29,0.674,4.79,22.48,91.1,311.9
"2014-11-02 04:40:00",896,12.24,2.268,30.08,9,0.36,3.49,22.53,90.7,312
"2014-11-02 04:50:00",897,12.24,1.836,29,9.19,0.515,2.96,22.64,90.1,312
"2014-11-02 05:00:00",898,12.24,1.336,24.16,10.33,0.271,2.04,22.73,90.2,312
"2014-11-02 05:10:00",899,12.24,1.369,27.32,7.701,0.208,1.86,22.83,89,312
"2014-11-02 05:20:00",900,12.24,0.718,22.68,7.376,0.14,1.14,22.96,89,312.1
"2014-11-02 05:30:00",901,12.24,0.859,28.68,8.55,0.198,1.22,23.03,87.6,312.1
"2014-11-02 05:40:00",902,12.28,0.883,28.43,6.04,0.254,1.32,23.24,87.6,312.2
"2014-11-02 05:50:00",903,12.32,0.937,36.41,12.29,0.194,1.38,23.36,86.6,312.3
"2014-11-02 06:00:00",904,12.32,0.84,34.88,17.03,0.279,1.7,23.74,85.4,312.4
"2014-11-02 06:10:00",905,12.34,0.906,30.25,11.86,0.195,1.31,24.09,85.8,312.6
"2014-11-02 06:20:00",906,12.46,0.866,37.11,25.93,0.194,1.38,24.27,83.8,312.8
"2014-11-02 06:30:00",907,12.47,1.386,49.71,23.58,0.501,2.6,24.33,85.5,312.9
"2014-11-02 06:40:00",908,12.4,1.591,49.89,15.98,0.412,2.66,24.05,85.8,313
"2014-11-02 06:50:00",909,12.48,1.881,63.76,13.98,0.455,2.91,23.87,88.2,313.1
"2014-11-02 07:00:00",910,12.82,1.705,33.98,19.68,0.421,2.87,23.94,87.6,313.2
"2014-11-02 07:10:00",911,12.69,1.308,34.24,24.27,0.382,2.31,23.96,87.9,313.4
"2014-11-02 07:20:00",912,12.69,0.486,77.81,59.46,0.26,1.2,24.27,87.6,313.6
"2014-11-02 07:30:00",913,12.66,0.629,28.16,60.22,0.296,1.57,24.24,88,313.6
"2014-11-02 07:40:00",914,12.92,0.839,156.3,37.08,0.501,2.09,24.23,89.6,313.7
"2014-11-02 07:50:00",915,12.97,1.733,118.6,24.82,0.92,4.09,24.01,87,313.8
"2014-11-02 08:00:00",916,12.83,3.346,90,13.49,0.951,6.23,23.87,88.1,313.9
"2014-11-02 08:10:00",917,13.08,2.241,74.5,16.75,0.786,4.09,23.13,87.5,313.9
"2014-11-02 08:20:00",918,13.15,1.507,53.36,14.46,0.39,2.62,23.74,86.9,313.8
"2014-11-02 08:30:00",919,13.12,1.592,95.7,33.32,0.494,2.47,24.92,83.5,313.8
"2014-11-02 08:40:00",920,13.1,2.149,125.6,9.75,0.368,3.06,25.21,82.6,313.9
"2014-11-02 08:50:00",921,12.91,1.992,135.6,10.41,0.455,3.08,25.14,83.5,313.9
"2014-11-02 09:00:00",922,13.1,2.225,130.6,12.69,0.848,4.45,24.58,84.2,313.9
"2014-11-02 09:10:00",923,13.09,4.344,139.5,12.65,1.39,7.78,25.06,84,313.8
"2014-11-02 09:20:00",924,13.08,6.418,130.5,5.678,1.08,8.88,25.2,81.1,313.6
"2014-11-02 09:30:00",925,13.1,5.883,130.4,5.887,0.83,7.83,25.52,80.4,313.5
"2014-11-02 09:40:00",926,13.1,5.195,123,6.884,0.788,7.28,25.83,82,313.5
"2014-11-02 09:50:00",927,13.1,4.299,99.5,14.43,0.962,6.99,25.85,81.6,313.6
"2014-11-02 10:00:00",928,13.1,3.663,122.8,13.44,0.641,5.2,26.03,82.8,313.7
"2014-11-02 10:10:00",929,13.1,5.629,143.3,10.57,1.531,11.3,25.82,79.59,313.6
"2014-11-02 10:20:00",930,13.1,6.014,154.8,15.46,1.588,10.21,25.03,79.69,313.5
"2014-11-02 10:30:00",931,13.1,6.188,132.3,6.258,1.102,8.23,25.96,81.2,313.5
"2014-11-02 10:40:00",932,13.09,6.489,127.6,5.598,1.102,9.17,25.97,81.3,313.4
"2014-11-02 10:50:00",933,13.09,6.317,132,6.064,0.95,8.76,25.94,80.7,313.4
"2014-11-02 11:00:00",934,13.09,7.077,127.1,4.827,0.964,9.05,25.88,77.27,313.3
"2014-11-02 11:10:00",935,13.09,7.468,124.2,4.784,0.843,9.48,25.93,76.32,313.2
"2014-11-02 11:20:00",936,13.09,6.302,116.2,8.26,1.225,8.97,26.09,80.4,313.2
"2014-11-02 11:30:00",937,13.09,5.829,114.2,5.709,1.039,8.72,25.9,80.4,313
"2014-11-02 11:40:00",938,13.09,5.197,113.9,7.806,0.908,7.32,26.26,78.02,312.9
"2014-11-02 11:50:00",939,13.08,5.906,120.3,5.146,0.747,8.01,26.05,78.43,312.7
"2014-11-02 12:00:00",940,13.08,5.444,120.9,7.6,0.812,7.43,26.34,76.22,312.5
"2014-11-02 12:10:00",941,13.08,5.635,121.9,5.311,0.803,7.63,26.17,78.26,312.3
"2014-11-02 12:20:00",942,13.05,4.925,116.2,6.93,0.864,7.18,26.48,77.51,312.2
"2014-11-02 12:30:00",943,13.05,4.524,114.1,6.93,0.855,6.77,26.4,77.31,312.2
"2014-11-02 12:40:00",944,13.05,4.28,114.9,7.457,0.826,6.34,26.01,76.97,312
"2014-11-02 12:50:00",945,13.06,4.364,114.4,7.866,0.853,6.31,26.01,76.25,311.9
"2014-11-02 13:00:00",946,13.06,4.531,120,8.65,0.735,6.38,25.97,77.1,311.6
"2014-11-02 13:10:00",947,13.06,4.084,119,8.57,0.767,5.84,26,77.1,311.4
"2014-11-02 13:20:00",948,13.09,4.259,120,7.379,0.683,5.81,26.26,74.59,311.3
"2014-11-02 13:30:00",949,13.08,4.276,117.4,7.093,0.682,6.14,26.69,72.58,311.2
"2014-11-02 13:40:00",950,13.08,4.537,120.9,6.848,0.663,6.14,26.56,72.31,311.1
"2014-11-02 13:50:00",951,13.08,4.311,118.6,8.05,0.844,6.51,26.73,70.75,311
"2014-11-02 14:00:00",952,13.08,4.62,116.3,7.068,0.978,6.86,26.51,70.92,310.9
"2014-11-02 14:10:00",953,13.08,4.878,121.2,6.827,0.805,6.87,26.11,73.09,310.7
"2014-11-02 14:20:00",954,13.09,5.1,122.4,5.253,0.825,6.68,26.13,74.93,310.6
"2014-11-02 14:30:00",955,13.09,5.088,120.8,6.434,1.039,7.14,26.32,72.04,310.5
"2014-11-02 14:40:00",956,13.09,5.247,121.7,6.359,0.77,7.05,26.3,74.04,310.4
"2014-11-02 14:50:00",957,13.09,4.908,117.3,7.809,0.973,6.91,26.25,74.11,310.4
"2014-11-02 15:00:00",958,13.09,4.677,117.9,7.336,0.854,6.84,26.29,76.83,310.3
"2014-11-02 15:10:00",959,13.09,4.74,119.7,7.126,0.922,6.75,26.11,75.13,310.2
"2014-11-02 15:20:00",960,13.09,4.41,115.6,7.221,0.848,6.25,26.37,74.15,310.2
"2014-11-02 15:30:00",961,13.09,4.847,120.1,7.462,0.844,6.69,26.07,76.49,310.1
"2014-11-02 15:40:00",962,13.09,4.935,123.5,7.339,0.794,6.59,25.96,76.49,310
"2014-11-02 15:50:00",963,13.09,4.568,122.5,4.469,0.578,5.91,25.94,77.99,310
"2014-11-02 16:00:00",964,13.1,4.32,124.6,4.879,0.606,5.91,25.97,77.41,310.1
"2014-11-02 16:10:00",965,13.02,4.055,122.6,4.733,0.466,5.03,25.86,79.65,310.1
"2014-11-02 16:20:00",966,12.99,4.376,129.3,5.354,0.621,5.98,25.82,78.8,310.1
"2014-11-02 16:30:00",967,12.83,4.132,127.1,6.542,0.496,5.19,25.67,78.63,310.1
"2014-11-02 16:40:00",968,12.81,4.118,123.6,6.977,0.642,5.79,25.59,78.57,310.1
"2014-11-02 16:50:00",969,12.75,4.149,133.3,8.02,0.735,5.98,25.64,81.9,310.1
"2014-11-02 17:00:00",970,12.74,4.077,134.9,6.574,0.622,5.79,25.48,80.7,310.2
"2014-11-02 17:10:00",971,12.72,4.53,134.3,6.71,0.771,6.11,25.39,79.48,310.2
"2014-11-02 17:20:00",972,12.71,5.139,132.9,5.481,0.869,7.35,25.4,81.1,310.1
"2014-11-02 17:30:00",973,12.69,5.197,130.1,5.915,0.737,6.4,25.29,79.76,310.2
"2014-11-02 17:40:00",974,12.68,5.381,131.8,5.127,0.747,7.02,25.25,79.93,310.2
"2014-11-02 17:50:00",975,12.67,5.416,127.5,5.088,0.702,7,25.24,79.96,310.3
"2014-11-02 18:00:00",976,12.66,4.995,126.4,4.463,0.589,6.23,25.25,79.93,310.4
"2014-11-02 18:10:00",977,12.65,4.801,130.5,5.109,0.662,6.52,25.29,78.46,310.5
"2014-11-02 18:20:00",978,12.64,5.062,130.3,4.471,0.664,6.41,25.32,79.93,310.5
"2014-11-02 18:30:00",979,12.63,4.694,132.6,5.509,0.682,6.47,25.31,79.96,310.5
"2014-11-02 18:40:00",980,12.62,4.543,128.9,4.919,0.652,6.12,25.34,79.89,310.5
"2014-11-02 18:50:00",981,12.61,4.809,130,5.352,0.552,6.17,25.41,79.69,310.6
"2014-11-02 19:00:00",982,12.61,4.751,131.1,5.45,0.708,7.29,25.45,80.2,310.6
"2014-11-02 19:10:00",983,12.6,5.72,126.7,4.469,0.791,7.21,25.49,77.78,310.6
"2014-11-02 19:20:00",984,12.59,5.34,126.1,4.365,0.723,7.15,25.53,77.34,310.7
"2014-11-02 19:30:00",985,12.58,5.039,130.5,5.509,0.865,6.75,25.54,77.61,310.8
"2014-11-02 19:40:00",986,12.58,6.03,122.5,8.53,1.17,9.64,25.25,85.3,310.9
"2014-11-02 19:50:00",987,12.57,5.654,108.8,6.889,1.107,8.99,24.38,85.6,311.1
"2014-11-02 20:00:00",988,12.53,4.058,101.1,9.33,0.815,6.39,24.46,80.8,311.1
"2014-11-02 20:10:00",989,12.52,3.478,108.4,7.271,0.627,4.83,24.84,82.7,311.1
"2014-11-02 20:20:00",990,12.51,4.238,120.7,7.012,0.823,6.46,25.19,80.5,311.2
"2014-11-02 20:30:00",991,12.51,4.384,120.2,8.07,0.798,6.23,25.32,77.99,311.3
"2014-11-02 20:40:00",992,12.51,4.476,121.1,8.03,0.771,5.89,25.38,78.19,311.3
"2014-11-02 20:50:00",993,12.5,4.115,120.6,7.455,0.77,5.66,25.38,79.25,311.4
"2014-11-02 21:00:00",994,12.53,4.418,119.3,6.959,0.782,6.14,25.35,77.85,311.4
"2014-11-02 21:10:00",995,12.53,4.558,119.6,7.107,0.688,6.49,25.33,79.55,311.4
"2014-11-02 21:20:00",996,12.53,4.175,116,7.272,0.942,6.3,25.25,79.08,311.4
"2014-11-02 21:30:00",997,12.52,4.111,113.9,9.16,0.747,6.15,25.23,78.4,311.4
"2014-11-02 21:40:00",998,12.52,3.694,119.3,6.148,0.715,5.83,25.28,80,311.4
"2014-11-02 21:50:00",999,12.51,3.405,116,6.946,0.617,4.94,25.23,79.82,311.4
"2014-11-02 22:00:00",1000,12.51,3.313,145.9,44.79,1.454,6.89,24.52,83,311.4
"2014-11-02 22:10:00",1001,12.5,1.066,191.5,30.38,0.412,1.97,23.57,81.9,311.3
"2014-11-02 22:20:00",1002,12.5,5.02,131.3,18.51,2.051,8.16,24.66,79.08,311.1
"2014-11-02 22:30:00",1003,12.49,4.418,93.5,11.87,1.512,7.55,24.33,78.19,311.1
"2014-11-02 22:40:00",1004,12.48,3.317,118,12.74,0.96,6.45,24.84,77.41,311.1
"2014-11-02 22:50:00",1005,12.48,4.616,132.4,5.726,0.698,6.12,25.24,77.21,310.9
"2014-11-02 23:00:00",1006,12.47,5.199,127.1,6.212,0.736,7.29,25.33,77.38,310.7
"2014-11-02 23:10:00",1007,12.47,5.369,128.8,5.401,0.786,7.76,25.26,75.78,310.5
"2014-11-02 23:20:00",1008,12.46,5.212,127.3,5.198,0.761,6.83,25.25,77.51,310.4
"2014-11-02 23:30:00",1009,12.46,4.581,134.5,7.774,0.948,6.95,25.19,77,310.3
"2014-11-02 23:40:00",1010,12.45,5.567,132.7,7.948,1.718,9.19,24.94,82.2,310.2
"2014-11-02 23:50:00",1011,12.41,4.704,110.6,12.26,1.291,7.51,23.96,81,310.1
"2014-11-03 00:00:00",1012,12.41,2.623,109.4,11.35,0.507,4,24.14,81.6,310
"2014-11-03 00:10:00",1013,12.4,3.399,114.2,14.54,0.792,5.19,24.62,82.7,309.8
"2014-11-03 00:20:00",1014,12.4,5.054,133.2,6.499,0.839,7.21,24.8,76.83,309.6
"2014-11-03 00:30:00",1015,12.39,4.803,122.3,6.459,0.8,6.43,24.97,76.56,309.5
"2014-11-03 00:40:00",1016,12.39,4.711,122.5,6.111,0.819,6.49,24.95,76.29,309.4
"2014-11-03 00:50:00",1017,12.42,4.949,128,5.384,0.745,6.75,24.96,74.04,309.3
"2014-11-03 01:00:00",1018,12.41,5.112,131.7,5.502,0.728,6.6,24.95,75.54,309.2
"2014-11-03 01:10:00",1019,12.41,4.906,134.2,6.106,0.86,6.79,24.93,74.93,309.2
"2014-11-03 01:20:00",1020,12.4,4.682,133.3,5.77,0.821,6.83,24.93,77.38,309.2
"2014-11-03 01:30:00",1021,12.4,4.408,133.9,6.496,0.736,6.11,24.88,75.74,309.1
"2014-11-03 01:40:00",1022,12.39,4.533,134,7.698,0.688,6.56,24.87,74.25,309.1
"2014-11-03 01:50:00",1023,12.38,4.458,128.8,7.471,0.692,6.01,24.92,74.52,309.1
"2014-11-03 02:00:00",1024,12.37,4.005,132.1,7.343,0.641,5.36,24.86,75.37,309.1
"2014-11-03 02:10:00",1025,12.37,3.882,135.6,6.878,0.62,5.23,24.87,78.02,309.1
"2014-11-03 02:20:00",1026,12.36,4.054,139.4,9.11,0.737,5.77,24.79,76.9,309
"2014-11-03 02:30:00",1027,12.36,3.99,134.8,7.742,0.683,6.1,24.82,78.43,309
"2014-11-03 02:40:00",1028,12.35,4.064,128,6.842,0.759,6.1,24.83,75.74,309
"2014-11-03 02:50:00",1029,12.34,4.55,134.8,6.097,0.589,6.15,24.9,74.21,309
"2014-11-03 03:00:00",1030,12.34,4.312,130.1,6.022,0.709,6,24.94,75.1,309
"2014-11-03 03:10:00",1031,12.32,3.773,137,9.19,0.607,5.2,24.94,78.4,309
"2014-11-03 03:20:00",1032,12.32,4.464,135.2,6.377,0.728,6.32,24.88,75.4,309.1
"2014-11-03 03:30:00",1033,12.31,4.411,128.7,6.136,0.693,6.03,24.83,71.22,309.1
"2014-11-03 03:40:00",1034,12.27,4.386,127.3,5.33,0.646,6.22,24.92,74.28,309.2
"2014-11-03 03:50:00",1035,12.26,3.944,130.8,7.524,0.538,5.23,24.87,75.17,309.3
"2014-11-03 04:00:00",1036,12.26,3.908,128.9,6.48,0.602,6.07,24.85,73.84,309.4
"2014-11-03 04:10:00",1037,12.26,3.895,134.1,6.89,0.534,5.55,24.83,74.38,309.4
"2014-11-03 04:20:00",1038,12.26,3.705,133.4,6.472,0.498,4.82,24.84,76.36,309.5
"2014-11-03 04:30:00",1039,12.25,3.735,131,6.82,0.563,5.05,24.8,74.93,309.6
"2014-11-03 04:40:00",1040,12.29,3.703,128.3,5.217,0.485,4.77,24.86,75.85,309.8
"2014-11-03 04:50:00",1041,12.29,3.509,124.6,4.749,0.503,4.63,24.89,74.72,309.9
"2014-11-03 05:00:00",1042,12.29,4.259,131.9,5.641,0.941,6.38,24.93,74.62,310
"2014-11-03 05:10:00",1043,12.28,4.263,133.8,8.12,0.657,5.88,24.95,73.7,310.1
"2014-11-03 05:20:00",1044,12.29,4.833,127.9,5.028,0.579,6.47,25.05,72.96,310.2
"2014-11-03 05:30:00",1045,12.29,4.369,127.7,5.686,0.707,7.48,25.22,78.46,310.3
"2014-11-03 05:40:00",1046,12.29,4.61,123,4.473,0.6,6.07,24.98,76.49,310.4
"2014-11-03 05:50:00",1047,12.3,4.123,123.7,8.15,0.622,5.73,25.19,75.4,310.6
"2014-11-03 06:00:00",1048,12.45,4.113,127.3,6.751,0.494,5.15,25.5,73.6,310.7
"2014-11-03 06:10:00",1049,12.35,3.823,154.1,14.6,0.876,5.89,25.04,76.02,310.9
"2014-11-03 06:20:00",1050,12.63,4.246,130.2,9.68,1.248,6.88,25.51,72.48,311
"2014-11-03 06:30:00",1051,12.51,4.965,131.8,7.455,0.755,6.81,25.7,70.17,311.1
"2014-11-03 06:40:00",1052,12.73,4.063,123.7,9.26,0.7,5.7,25.75,71.66,311.2
"2014-11-03 06:50:00",1053,12.59,4.524,127,6.692,0.632,6.15,25.73,70.27,311.4
"2014-11-03 07:00:00",1054,12.95,3.886,119,8.95,0.632,5.39,25.88,70.58,311.6
"2014-11-03 07:10:00",1055,13.04,4.202,125.7,5.884,0.645,5.59,26.11,68.47,311.7
"2014-11-03 07:20:00",1056,13.12,3.854,122.7,6.623,0.491,5.11,26.19,70.3,311.8
"2014-11-03 07:30:00",1057,13.07,4.01,123,6.309,0.473,5.38,26.21,68.33,312
"2014-11-03 07:40:00",1058,12.82,3.876,120.2,7.714,0.533,5,25.95,73.64,312.1
"2014-11-03 07:50:00",1059,13.07,4.155,120.3,7.301,0.57,5.62,26.17,70.47,312.2
"2014-11-03 08:00:00",1060,13.06,4.475,127,5.562,0.556,5.71,26.27,67.72,312.3
"2014-11-03 08:10:00",1061,13.06,3.887,126.1,6.625,0.456,4.99,26.4,68.57,312.3
"2014-11-03 08:20:00",1062,13.05,3.95,125.7,5.495,0.439,5.24,26.44,66.33,312.4
"2014-11-03 08:30:00",1063,13.08,4.019,127.8,3.823,0.457,5.6,26.48,66.87,312.4
"2014-11-03 08:40:00",1064,13.08,3.95,131.8,5.441,0.487,5.83,26.59,64.86,312.5
"2014-11-03 08:50:00",1065,13.07,3.664,134.2,6.939,0.554,5.06,26.94,65.54,312.6
"2014-11-03 09:00:00",1066,13.07,3.963,136.7,6.459,0.711,5.44,26.76,63.67,312.6
"2014-11-03 09:10:00",1067,13.07,4.102,138.7,6.861,0.654,5.36,26.76,65.95,312.6
"2014-11-03 09:20:00",1068,13.07,4.136,133.2,6.721,0.527,5.41,26.75,67.24,312.6
"2014-11-03 09:30:00",1069,13.07,4.105,129.6,5.386,0.548,5.61,26.62,66.53,312.6
"2014-11-03 09:40:00",1070,13.07,3.841,137,8.16,0.648,5.17,26.91,66.77,312.6
"2014-11-03 09:50:00",1071,13.07,3.862,137.9,7.22,0.669,5.72,26.89,65.95,312.6
"2014-11-03 10:00:00",1072,13.07,3.614,151.1,15.02,0.808,5.23,26.76,68.5,312.6
"2014-11-03 10:10:00",1073,13.07,3.797,137.8,8.05,0.653,5.33,26.68,69.62,312.5
"2014-11-03 10:20:00",1074,13.07,4.107,137.7,7.057,0.651,5.61,27.08,64.76,312.5
"2014-11-03 10:30:00",1075,13.07,4.168,139,7.082,0.603,5.56,26.94,67.65,312.4
"2014-11-03 10:40:00",1076,13.07,3.803,140.4,9.7,0.712,5.12,27.17,65.85,312.4
"2014-11-03 10:50:00",1077,13.07,3.784,143.9,13.06,0.701,5.2,27.08,68.91,312.3
"2014-11-03 11:00:00",1078,13.07,3.696,143.9,12.99,0.765,5.09,26.79,66.87,312.2
"2014-11-03 11:10:00",1079,13.07,3.887,140.5,10.13,0.768,5.51,27.14,67.07,312.1
"2014-11-03 11:20:00",1080,13.03,3.631,141.7,11.28,0.821,5.53,27.3,66.12,312
"2014-11-03 11:30:00",1081,13.03,3.712,138.2,9.39,0.719,5.26,27.3,64.76,311.9
"2014-11-03 11:40:00",1082,13.04,3.432,153.2,15.53,0.747,5.01,27.24,66.46,311.8
"2014-11-03 11:50:00",1083,13.04,3.085,154.6,17.2,0.768,4.61,27.34,65,311.7
"2014-11-03 12:00:00",1084,13.04,3.404,152.5,17.62,0.684,5.63,27.32,64.8,311.6
"2014-11-03 12:10:00",1085,13.03,3.562,164.1,13.95,0.917,6.27,26.82,67.18,311.4
"2014-11-03 12:20:00",1086,13.07,3.995,164.8,12.99,0.937,5.88,26.74,69.25,311.2
"2014-11-03 12:30:00",1087,13.07,4.238,168.4,11.09,1.128,6.21,26.65,67.69,311.1
"2014-11-03 12:40:00",1088,13.07,3.617,161.9,17.27,0.892,6.02,27.01,68.47,310.9
"2014-11-03 12:50:00",1089,13.07,3.283,153.9,15.24,0.859,5.86,27.28,67.45,310.7
"2014-11-03 13:00:00",1090,13.07,3.996,150.2,15.71,0.783,5.9,27.13,66.8,310.5
"2014-11-03 13:10:00",1091,13.07,4.367,139.4,6.943,0.674,6.35,26.98,67.04,310.4
"2014-11-03 13:20:00",1092,12.95,4.336,139.4,6.841,0.69,5.52,26.96,67.24,310.2
"2014-11-03 13:30:00",1093,13.08,4.075,142.5,9.02,0.736,6.01,26.99,66.46,310
"2014-11-03 13:40:00",1094,13.07,4.005,143.8,13.82,0.775,5.81,26.98,68.74,310
"2014-11-03 13:50:00",1095,13.09,3.958,149,13.11,0.981,6.27,27.06,70.13,309.9
"2014-11-03 14:00:00",1096,13.08,4.5,147.7,13.13,1.028,6.5,26.63,72.65,309.8
"2014-11-03 14:10:00",1097,13.09,4.778,150.1,13.16,1.013,6.96,26.54,71.73,309.7
"2014-11-03 14:20:00",1098,13.09,4.633,154.9,13.22,1.159,9.16,26.38,72.07,309.7
"2014-11-03 14:30:00",1099,13.09,5.196,160.4,12.33,1.358,8.18,26.38,73.77,309.6
"2014-11-03 14:40:00",1100,13.08,5.231,157.4,14.64,1.183,7.96,26.13,72.07,309.6
"2014-11-03 14:50:00",1101,13.09,4.594,158.7,12.79,1.156,7.05,26.29,70.17,309.6
"2014-11-03 15:00:00",1102,13.09,4.525,156.6,16.22,0.984,6.27,26.39,68.67,309.6
"2014-11-03 15:10:00",1103,13.06,4.488,162.8,12.68,0.908,7.26,26.27,71.49,309.5
"2014-11-03 15:20:00",1104,13.06,4.894,148,11.72,0.856,7.52,26.29,70.71,309.5
"2014-11-03 15:30:00",1105,13.06,4.838,143.4,9.52,0.975,6.56,26.15,71.94,309.5
"2014-11-03 15:40:00",1106,13.07,5.185,141.4,8.03,0.697,7.02,25.94,71.66,309.5
"2014-11-03 15:50:00",1107,13.04,5.052,140.2,7.538,0.907,7.49,26.03,73.81,309.5
"2014-11-03 16:00:00",1108,13.07,4.826,145.7,13.72,1.044,7.22,26.12,71.94,309.5
"2014-11-03 16:10:00",1109,13.1,5.341,141.2,8.57,0.893,7.63,25.83,72.28,309.6
"2014-11-03 16:20:00",1110,13.05,4.996,139.8,7.207,0.81,6.98,25.95,73.36,309.8
"2014-11-03 16:30:00",1111,12.96,5.044,138.6,6.228,0.773,7.49,25.86,72.96,309.9
"2014-11-03 16:40:00",1112,13.08,5.348,130.4,6.97,1.048,7.79,25.69,76.53,310
"2014-11-03 16:50:00",1113,12.84,5.955,128.5,6.79,0.844,7.89,25.32,78.84,310
"2014-11-03 17:00:00",1114,12.82,5.433,137.3,6.296,0.783,7.56,25.08,79.82,310.1
"2014-11-03 17:10:00",1115,12.77,5.73,130.5,5.211,0.822,7.33,25.07,79.08,310.1
"2014-11-03 17:20:00",1116,12.72,6.201,125.3,8.87,1.138,8.06,24.92,80.3,310.1
"2014-11-03 17:30:00",1117,12.7,5.81,123.2,8.58,1.123,7.72,24.83,78.46,310.1
"2014-11-03 17:40:00",1118,12.68,5.977,125.2,5.539,0.889,7.43,24.83,81,310.1
"2014-11-03 17:50:00",1119,12.67,5.713,122.9,7.813,0.887,7.75,24.81,80.6,310.2
"2014-11-03 18:00:00",1120,12.66,5.429,126.5,5.916,0.971,7.69,24.8,78.74,310.3
"2014-11-03 18:10:00",1121,12.65,4.997,121.7,6.846,0.927,7.34,24.81,79.42,310.4
"2014-11-03 18:20:00",1122,12.63,5.011,123.7,6.495,0.721,6.82,24.79,81,310.5
"2014-11-03 18:30:00",1123,12.63,4.345,117.4,7.477,0.86,6.42,24.71,79.79,310.5
"2014-11-03 18:40:00",1124,12.62,4.498,118.2,7.651,0.881,6.53,24.72,79.08,310.6
"2014-11-03 18:50:00",1125,12.61,4.376,111.1,7.445,0.816,6.26,24.7,79.08,310.7
"2014-11-03 19:00:00",1126,12.56,4.368,110.2,5.9,0.678,5.85,24.66,78.84,310.8
"2014-11-03 19:10:00",1127,12.56,4.249,108.9,6.903,0.744,5.72,24.75,76.56,310.9
"2014-11-03 19:20:00",1128,12.55,4.334,110.7,6.525,0.647,6.13,24.83,73.98,311
"2014-11-03 19:30:00",1129,12.55,3.976,108.8,8.44,0.714,5.84,24.97,74.62,311
"2014-11-03 19:40:00",1130,12.54,4.606,110.4,6.527,0.713,6.32,25.03,73.57,311
"2014-11-03 19:50:00",1131,12.53,4.617,106.6,9.71,0.882,7.46,25.15,76.29,311
"2014-11-03 20:00:00",1132,12.56,4.998,87.5,14.82,1.22,7.48,24.79,80.4,311.1
"2014-11-03 20:10:00",1133,12.56,3.992,84.3,14.39,1.005,6.96,24.74,78.02,311.2
"2014-11-03 20:20:00",1134,12.56,3.524,85.9,14.14,0.89,6.15,24.78,76.22,311.3
"2014-11-03 20:30:00",1135,12.55,3.658,83.6,12.75,0.978,6.09,24.87,75.23,311.3
"2014-11-03 20:40:00",1136,12.55,3.845,88.8,14.32,0.779,5.54,24.89,74.38,311.4
"2014-11-03 20:50:00",1137,12.54,2.863,95.1,11.99,0.45,3.97,24.92,74.62,311.5
"2014-11-03 21:00:00",1138,12.53,2.677,82.7,13.61,0.61,3.94,25,73.57,311.6
"2014-11-03 21:10:00",1139,12.53,3.074,105.9,11.9,0.675,4.82,25.13,74.83,311.7
"2014-11-03 21:20:00",1140,12.52,4.174,110.1,8.51,0.902,6.32,25.15,75.64,311.6
"2014-11-03 21:30:00",1141,12.52,4.272,101.4,9.12,0.822,6.31,25.09,75.3,311.6
"2014-11-03 21:40:00",1142,12.51,4.741,94,12.69,0.837,6.42,25.09,73.5,311.6
"2014-11-03 21:50:00",1143,12.51,3.902,92.8,12.25,0.915,6.85,25.18,72.96,311.7
"2014-11-03 22:00:00",1144,12.5,4.15,100.4,9.48,0.952,6.64,25.2,73.81,311.7
"2014-11-03 22:10:00",1145,12.5,4.285,102.1,8.15,0.747,6.09,25.15,73.84,311.6
"2014-11-03 22:20:00",1146,12.5,4.54,105.7,6.684,0.865,6.69,25.11,74.21,311.5
"2014-11-03 22:30:00",1147,12.5,4.415,108.3,7.065,0.634,6.07,25.12,74.83,311.5
"2014-11-03 22:40:00",1148,12.48,4.289,107.9,8.83,0.826,6.1,25.1,74.69,311.4
"2014-11-03 22:50:00",1149,12.45,3.747,109.2,7.657,0.68,6.25,25.17,75.88,311.4
"2014-11-03 23:00:00",1150,12.44,4.113,106.3,8.16,0.674,5.5,25.12,76.39,311.3
"2014-11-03 23:10:00",1151,12.44,3.877,110.7,8.16,0.695,6.22,25.06,76.8,311.1
"2014-11-03 23:20:00",1152,12.43,3.721,110.7,7.414,0.511,5.88,25.07,77.14,311.1
"2014-11-03 23:30:00",1153,12.43,3.599,112.8,8.51,0.675,5.38,25.12,76.66,311
"2014-11-03 23:40:00",1154,12.42,4.125,109.2,7.967,0.646,5.43,25.09,76.63,310.9
"2014-11-03 23:50:00",1155,12.46,3.942,109.5,8.81,0.889,6.33,25.13,77.92,310.9
"2014-11-04 00:00:00",1156,12.46,3.572,113.1,6.496,0.663,5.32,25.13,77.14,310.9
"2014-11-04 00:10:00",1157,12.45,3.222,107.6,12.19,0.562,4.76,25.13,75.71,310.8
"2014-11-04 00:20:00",1158,12.45,3.458,110.1,8.31,0.514,4.51,25.2,74.93,310.8
"2014-11-04 00:30:00",1159,12.44,3.768,116.1,7.808,0.673,5.32,25.22,74.86,310.6
"2014-11-04 00:40:00",1160,12.44,3.528,111.2,7.324,0.681,5.16,25.18,76.12,310.5
"2014-11-04 00:50:00",1161,12.44,3.271,112.6,8.19,0.586,4.9,25.11,76.08,310.4
"2014-11-04 01:00:00",1162,12.43,3.503,112.3,7.842,0.551,4.97,25.1,75.61,310.2
"2014-11-04 01:10:00",1163,12.42,3.784,118.7,6.562,0.715,5.61,25.18,74.72,310.2
"2014-11-04 01:20:00",1164,12.42,3.849,110.5,8.01,0.591,5.81,25.14,75.06,310
"2014-11-04 01:30:00",1165,12.41,3.27,108.8,8.72,0.562,4.7,25.12,75.37,310
"2014-11-04 01:40:00",1166,12.41,3.47,110.3,7.473,0.481,4.78,25.08,76.56,309.8
"2014-11-04 01:50:00",1167,12.41,3.529,93.3,13.97,0.537,4.96,25.08,74.55,309.7
"2014-11-04 02:00:00",1168,12.4,3.18,92.1,10.84,0.824,5.26,25.08,73.36,309.5
"2014-11-04 02:10:00",1169,12.39,2.913,92.2,12.88,0.827,5.39,25.1,74.01,309.6
"2014-11-04 02:20:00",1170,12.39,3.256,96.5,12.86,0.816,5.73,25.08,73.5,309.6
"2014-11-04 02:30:00",1171,12.38,3.015,103.6,11.07,0.625,4.37,25.07,74.04,309.7
"2014-11-04 02:40:00",1172,12.34,2.254,109.5,12.52,0.517,3.43,25.12,75.68,309.8
"2014-11-04 02:50:00",1173,12.34,2.33,92.6,19.65,0.474,3.52,25.1,75.81,309.8
"2014-11-04 03:00:00",1174,12.33,2.622,103.1,15.12,0.954,5.15,25.15,80.8,309.9
"2014-11-04 03:10:00",1175,12.32,3.982,134.5,9.84,0.694,5.32,24.51,84.8,309.9
"2014-11-04 03:20:00",1176,12.32,4.36,161.8,14.81,1.201,7.23,23.9,86.7,309.8
"2014-11-04 03:30:00",1177,12.31,3.732,175.3,16.18,1.297,7,23.6,88.6,309.9
"2014-11-04 03:40:00",1178,12.34,2.571,171.6,23.25,1.037,5.43,23.38,89.9,310.1
"2014-11-04 03:50:00",1179,12.34,1.738,190.2,43.5,0.862,4.96,23.46,90.2,310.1
"2014-11-04 04:00:00",1180,12.33,2.995,155.2,38.31,1.759,7.04,23.52,87.5,310.1
"2014-11-04 04:10:00",1181,12.32,4.252,122,18.32,1.011,7.11,23.71,86.1,310.3
"2014-11-04 04:20:00",1182,12.31,3.84,95,12.49,0.8,5.87,24,83,310.4
"2014-11-04 04:30:00",1183,12.3,4.644,99.3,10.93,0.911,7.7,24.2,81.5,310.4
"2014-11-04 04:40:00",1184,12.3,4.244,91.9,12.33,0.902,6.93,24.27,80.5,310.5
"2014-11-04 04:50:00",1185,12.3,3.764,92.2,10.72,0.8,6.42,24.35,80.8,310.6
"2014-11-04 05:00:00",1186,12.29,3.521,96.2,11.6,0.965,8.04,24.36,80.5,310.7
"2014-11-04 05:10:00",1187,12.29,3.423,99.5,10.79,0.589,5.27,24.42,79.01,310.8
"2014-11-04 05:20:00",1188,12.29,3.608,106.8,8.47,0.643,5.27,24.59,79.89,311
"2014-11-04 05:30:00",1189,12.29,3.982,104.3,8.88,0.7,6.02,24.61,79.14,311.1
"2014-11-04 05:40:00",1190,12.32,3.301,109.3,7.297,0.61,4.91,24.65,79.69,311.3
"2014-11-04 05:50:00",1191,12.33,3.202,114.4,7.708,0.54,4.46,24.74,78.19,311.4
"2014-11-04 06:00:00",1192,12.31,3.082,115.2,9.61,0.638,4.36,24.84,77.31,311.6
"2014-11-04 06:10:00",1193,12.34,3.229,123.1,8.37,0.589,4.71,24.9,75.74,311.8
"2014-11-04 06:20:00",1194,12.37,3.205,133.8,6.021,0.562,4.69,25.06,74.59,311.9
"2014-11-04 06:30:00",1195,12.37,2.945,144.2,16.43,0.694,4.52,25.21,74.66,312
"2014-11-04 06:40:00",1196,12.5,2.798,164.6,11.16,0.603,4.35,25.06,75.37,312.2
"2014-11-04 06:50:00",1197,12.46,2.092,157.2,15.84,0.511,3.15,25.4,74.96,312.2
"2014-11-04 07:00:00",1198,12.79,2.402,148.1,15.37,0.485,3.42,25.3,72.89,312.3
"2014-11-04 07:10:00",1199,12.89,2.487,140.8,10.17,0.45,3.84,25.62,75.03,312.5
"2014-11-04 07:20:00",1200,12.83,2.186,143.4,16.06,0.475,3.44,26.06,74.96,312.8
"2014-11-04 07:30:00",1201,13.12,3.013,119.8,8.48,0.609,4.51,26.19,73.5,313
"2014-11-04 07:40:00",1202,13.1,3.135,114,8.32,0.487,4.06,26.45,72.45,313
"2014-11-04 07:50:00",1203,13.09,3.252,117.8,7.584,0.536,4.57,26.46,73.09,313.1
"2014-11-04 08:00:00",1204,13.09,3.006,112.6,12.94,0.574,4.23,26.7,70.85,313.2
"2014-11-04 08:10:00",1205,13.05,3.095,120.5,7.109,0.429,4.62,26.65,73.84,313.2
"2014-11-04 08:20:00",1206,13.08,4.097,136.5,21.95,1.191,7.43,26.14,77.72,313.2
"2014-11-04 08:30:00",1207,13.08,3.273,144.1,17.87,0.777,6.02,26.02,75.61,313.3
"2014-11-04 08:40:00",1208,13.08,2.131,153.5,17.57,0.477,3.39,26.58,74.79,313.4
"2014-11-04 08:50:00",1209,13.07,2.166,141.2,11.14,0.392,2.97,26.66,75.81,313.3
"2014-11-04 09:00:00",1210,13.07,2.659,143.7,13.71,0.537,4.12,26.66,75.06,313.4
"2014-11-04 09:10:00",1211,13.07,3.544,142.2,9.11,0.608,5.01,26.64,74.01,313.3
"2014-11-04 09:20:00",1212,13.07,3.35,136.9,8.22,0.467,4.34,26.69,73.43,313.3
"2014-11-04 09:30:00",1213,13.07,3.073,139,9.33,0.507,4.26,26.76,72.62,313.3
"2014-11-04 09:40:00",1214,13.07,3.61,135.9,7.343,0.614,5.21,26.9,75.06,313.3
"2014-11-04 09:50:00",1215,13.07,3.779,132.4,6.508,0.574,5.54,26.44,75.74,313.2
"2014-11-04 10:00:00",1216,13.07,3.573,138.3,7.397,0.527,4.84,26.75,74.66,313.1
"2014-11-04 10:10:00",1217,13.07,3.236,141.9,11.4,0.584,4.4,26.92,73.74,313.2
"2014-11-04 10:20:00",1218,13.03,3.581,138.7,10.92,0.556,4.95,26.95,72.28,313.2
"2014-11-04 10:30:00",1219,13.03,3.709,136.4,6.604,0.509,5.07,26.97,70.75,313.1
"2014-11-04 10:40:00",1220,13.03,4.099,131.4,7.628,0.642,5.6,26.76,72.89,312.9
"2014-11-04 10:50:00",1221,13.03,4.38,127.7,5.769,0.582,5.92,26.8,72.68,312.9
"2014-11-04 11:00:00",1222,13.03,4.189,122,8.64,0.636,5.65,26.64,74.69,313
"2014-11-04 11:10:00",1223,13.03,4.082,126.8,7.553,0.532,5.14,26.68,74.55,312.8
"2014-11-04 11:20:00",1224,13.07,4.344,126.6,5.35,0.525,5.43,26.62,74.32,312.7
"2014-11-04 11:30:00",1225,13.07,4.405,130.9,6.134,0.628,5.9,26.65,75.88,312.5
"2014-11-04 11:40:00",1226,13.07,4.263,136.4,6.694,0.592,5.81,26.83,73.16,312.3
"2014-11-04 11:50:00",1227,13.07,4.218,132.9,6.027,0.558,6.19,26.93,71.32,312.1
"2014-11-04 12:00:00",1228,13.07,4.333,141.4,8.51,0.554,5.52,27.04,71.39,311.9
"2014-11-04 12:10:00",1229,13.07,4.607,141.8,7.361,0.752,6.22,27.07,69.39,311.7
"2014-11-04 12:20:00",1230,13.07,4.667,138.6,7.771,0.751,6.12,27.02,69.42,311.6
"2014-11-04 12:30:00",1231,13.07,4.362,138.4,6.839,0.663,6.05,27.03,69.62,311.5
"2014-11-04 12:40:00",1232,13.07,4.661,138.5,7.221,0.662,6.09,26.88,68.94,311.3
"2014-11-04 12:50:00",1233,13.07,4.741,135.2,7,0.632,6.29,26.81,69.25,311.2
"2014-11-04 13:00:00",1234,13.07,4.653,139.4,8.51,0.688,6.6,26.96,69.42,311.1
"2014-11-04 13:10:00",1235,13.07,4.609,138.3,7.951,0.614,6.54,26.92,69.08,310.9
"2014-11-04 13:20:00",1236,12.99,4.536,138.1,6.517,0.638,6.24,26.93,71.15,310.8
"2014-11-04 13:30:00",1237,13.07,4.634,136.9,7.072,0.789,6.32,26.91,70.3,310.7
"2014-11-04 13:40:00",1238,13.07,4.516,135.8,6.233,0.771,6.58,26.87,71.15,310.6
"2014-11-04 13:50:00",1239,13.07,4.493,135.5,5.863,0.691,6.44,26.9,71.83,310.5
"2014-11-04 14:00:00",1240,12.99,3.879,145.8,13.85,0.97,5.97,26.98,72.34,310.4
"2014-11-04 14:10:00",1241,12.91,4.434,141.9,7.818,0.654,5.92,26.83,73.09,310.4
"2014-11-04 14:20:00",1242,13.05,4.459,138.4,8.15,0.718,6.11,26.84,72.62,310.2
"2014-11-04 14:30:00",1243,13.05,4.856,132.5,6.32,0.613,6.55,26.7,75,310.1
"2014-11-04 14:40:00",1244,13.04,5.123,132.8,5.936,0.779,6.84,26.6,72.99,310
"2014-11-04 14:50:00",1245,13.04,4.693,127.9,6.665,0.684,6.65,26.67,73.57,309.9
"2014-11-04 15:00:00",1246,13.04,4.842,126.7,5.884,0.629,6.41,26.54,72.34,309.8
"2014-11-04 15:10:00",1247,13.08,4.75,125.4,4.796,0.513,6.33,26.53,73.43,309.8
"2014-11-04 15:20:00",1248,13.08,4.354,118.3,7.717,0.909,6.13,26.72,73.47,309.8
"2014-11-04 15:30:00",1249,13.08,4.477,113.2,7.395,0.83,6.25,26.62,73.57,309.8
"2014-11-04 15:40:00",1250,13.08,4.739,114.6,7.261,0.76,6.72,26.6,73.64,309.8
"2014-11-04 15:50:00",1251,13.09,5.084,116,7.385,0.868,7.2,26.44,75.68,309.9
"2014-11-04 16:00:00",1252,13.09,5.064,114.8,7.011,0.679,6.54,26.4,72.82,309.9
"2014-11-04 16:10:00",1253,13.09,5.126,118.8,7.712,0.87,6.8,26.36,73.36,309.9
"2014-11-04 16:20:00",1254,13.1,4.711,116.6,7.043,0.889,6.81,26.3,75.47,310
"2014-11-04 16:30:00",1255,13.04,4.518,114.4,6.898,0.744,6.54,26.28,75.95,310.1
"2014-11-04 16:40:00",1256,12.96,4.571,115.5,6.222,0.673,6.16,26.23,77.24,310.1
